2740
2740
2478,2500
1043,1315
1369,485
1291,1997
900,1889
2733,1098
848,1709
448,1593
2477,1819
1018,2319
314,1643
1405,526
738,1692
1640,919
624,794
1982,1176
748,1248
2443,2273
789,172
2489,2319
1934,2559
1069,1302
2424,683
682,2707
474,919
603,699
1259,2434
2518,910
2515,2004
921,152
251,2471
2216,819
362,725
69,1479
861,1844
1907,440
1458,2715
505,1060
397,922
2645,298
2556,444
653,865
2013,96
2114,2334
1108,992
2175,523
300,631
2523,297
560,217
1110,2549
2257,2196
1415,2020
2619,239
626,1127
2227,1553
39,448
501,989
2108,1973
462,43
2171,843
1977,44
1652,2039
1527,2388
1914,391
2193,1720
952,2222
2124,251
2733,2364
2463,1970
798,1141
2339,550
1981,684
237,1550
458,1969
429,1274
2216,1897
1389,462
962,855
1389,669
1362,197
559,344
966,1836
1821,1043
1257,1642
974,1687
2074,1331
509,2657
490,545
2033,1483
860,1782
360,1928
678,315
1239,1373
658,402
1699,403
1532,1495
1664,1146
1255,2145
955,1286
999,1134
96,974
2450,1097
1785,1581
1254,729
1800,96
1251,384
1472,1704
187,1405
1066,1328
2093,2216
1988,1670
520,1738
518,1694
1342,1112
2677,371
2322,1650
1031,20
2526,599
1798,1482
2278,2329
61,89
1781,2098
2291,457
2412,226
2595,1035
1232,1780
1920,2497
2275,2675
85,451
408,370
1812,1060
1982,256
438,2321
2262,448
873,609
1646,2168
2363,1764
559,2180
2646,528
271,2572
2685,2447
625,1104
2291,1550
2711,2202
2100,2564
715,2138
1088,1485
720,139
842,336
1745,1638
2049,926
1439,974
2561,827
1375,1121
1626,2031
623,823
572,1582
47,1827
1432,585
446,1185
2420,1521
2616,831
1660,111
1713,2216
747,284
240,2727
607,372
1263,2087
2260,2305
2071,1787
2619,695
1715,2601
1254,562
1002,453
811,994
1238,1188
1336,2166
2072,2083
235,64
698,1294
2160,1169
2005,631
91,17
730,2626
1765,1092
2427,1908
112,1924
196,2676
2677,97
167,2645
1417,161
738,272
2223,2405
87,2034
206,1065
2735,634
515,2621
2087,1857
1379,1039
1605,1154
1231,1923
419,1373
1049,2659
164,1856
2518,352
391,2479
2350,439
1381,748
1260,2583
1241,2303
366,1626
697,2320
523,179
2517,545
158,2512
2648,1469
2092,1640
318,2467
1932,1331
820,2230
839,24
481,666
1581,82
179,886
1748,1687
1365,1314
1932,6
990,574
1637,1971
90,2571
746,1439
1284,863
709,2644
2598,739
1576,2464
1548,2720
2059,999
2296,1977
409,1344
1594,2616
746,137
2399,969
255,1803
114,97
2590,1582
1440,1482
658,904
281,2358
566,1389
2439,1474
283,858
410,2643
2540,1362
66,2631
476,1715
863,311
579,1870
2519,772
78,215
2548,521
1727,2440
218,647
214,1639
1433,430
118,243
1999,2720
534,1880
512,2126
58,241
2150,993
1761,318
478,1093
2297,1154
1046,870
2276,2429
2032,1192
1150,1374
2493,2533
2356,165
991,1508
1566,2078
1082,2686
2575,1843
314,1226
265,755
230,2295
737,692
1792,2323
1861,726
584,1696
625,1772
2324,1977
2554,405
866,688
2396,626
634,1493
1277,2576
2586,2644
1202,1252
1573,1672
1612,374
2512,2478
1938,1409
383,1552
876,1411
1829,719
1956,2611
1908,898
831,1387
430,2325
473,1012
109,443
2704,2627
722,1244
2615,1157
688,2670
1147,537
95,907
140,180
1274,423
2143,1206
20,736
1044,1181
2398,1488
992,966
584,1974
632,1187
432,1429
1720,881
1296,1581
2367,2158
155,2665
1547,1455
2452,828
1401,1877
2191,1360
428,1308
511,2444
387,367
1440,610
965,2049
2083,724
869,2363
1900,1157
508,987
2249,2257
2204,797
2689,45
1029,294
2062,2083
14,2657
192,257
1189,2065
1331,265
2097,1660
2035,132
2714,2122
1886,644
2740,180
1835,776
1818,1258
1346,1207
1647,2387
1633,1687
803,1805
3,2009
1203,478
2254,520
1457,1472
1121,414
1657,918
773,679
577,433
2523,63
2425,2194
1455,2298
498,2258
1440,1731
2608,1644
529,720
931,638
101,1519
2188,369
217,243
1463,2675
75,414
1822,2667
2373,1986
2537,2151
1864,1328
2226,2355
1376,919
1527,2547
638,1543
2446,250
2383,1805
1077,1132
1627,2539
445,1860
2374,2689
1381,1111
2319,177
530,2071
2658,2065
1291,1737
883,2174
756,2516
265,55
983,1416
2699,2178
1686,376
1059,1378
2474,564
2566,2259
136,139
2701,2287
2543,363
764,930
1375,2620
802,2130
647,1209
2280,190
325,889
2011,1542
2019,701
1841,1258
2683,1809
2186,543
2685,872
1175,506
87,360
1241,2337
244,776
683,2592
574,1864
2672,1918
2274,2721
1813,2690
2252,415
828,1242
301,2289
1474,2211
2663,2412
1656,971
2468,2329
1386,2020
2345,1824
725,346
2327,1497
1714,2603
2287,360
2242,2327
1005,1407
1992,338
511,701
824,1930
83,1665
2469,23
990,1708
1211,950
54,209
1301,1446
829,1190
529,775
1509,797
1536,1546
859,2464
212,2406
998,30
2313,2081
690,1294
1700,1661
1301,1606
2245,1603
1141,1400
44,557
2194,1302
2006,2191
937,47
748,1978
931,1141
1152,2239
2199,676
2620,2152
1356,2235
1053,1657
1825,1559
1589,1221
1732,2083
717,1120
142,250
1381,823
1623,1031
206,1910
1186,2629
1878,1753
1638,869
2354,2101
91,930
675,1923
2008,206
1806,1165
1331,808
441,662
2165,1308
134,1473
560,1671
1707,1843
1996,397
2683,2280
163,1866
1444,798
2374,223
2502,167
2663,403
1301,179
160,1795
2643,1448
1297,1612
2189,1376
101,386
932,2387
55,2226
572,2582
1843,515
279,1731
261,122
2440,478
1517,1101
1038,2657
370,2371
1645,1186
1907,2030
1147,1950
2279,287
1576,1701
1274,756
79,2451
399,815
965,1908
539,1808
1852,2108
2052,1187
1598,1645
460,670
944,405
1096,2492
1037,102
1983,1682
875,2234
406,740
2083,1303
2167,1855
1375,1120
19,140
885,2050
1210,497
485,310
2468,674
2557,1382
67,743
2188,27
843,1912
1397,2365
2033,71
1985,2478
2107,1744
1357,2469
1821,2225
1196,1500
163,2713
1950,539
2165,2162
2522,2343
892,886
609,2237
303,888
1771,705
929,77
1641,340
2356,430
711,2457
2732,1445
796,2115
2064,973
863,1724
1499,690
1539,1998
1575,2510
953,1156
2182,631
2009,893
1520,1461
730,2005
2258,2170
54,2482
807,1092
1974,1903
1329,1336
933,2184
1385,1577
454,1663
1232,435
1773,1728
1527,475
2551,236
2222,1941
2199,1379
2376,2250
2582,1723
747,1192
1901,2461
2040,2383
2611,2355
1343,2733
1120,585
1756,2429
1776,111
760,269
1213,770
1635,1239
1749,1690
1738,2704
1056,1596
1400,2546
1439,2050
2255,572
1271,2343
2717,1015
1104,506
1894,1463
189,819
2386,1302
680,2671
151,672
1673,2573
1319,1198
1459,150
1546,2216
1711,2260
328,2373
1303,1897
997,2168
821,415
608,1208
2192,2149
1992,2404
2539,1682
1039,1550
2098,374
75,2551
183,2178
54,2215
255,625
1130,1803
1078,346
1702,1017
993,2345
1847,2463
2129,1495
1310,1740
1338,2443
2002,1204
1494,1666
2426,2226
839,1200
1246,2698
1160,1877
515,1461
2397,52
2322,1994
964,480
1224,351
262,1080
1427,574
707,1031
1530,237
1918,2113
571,1402
2035,577
1645,1569
1906,2272
2042,700
1403,2648
12,2592
172,2506
2033,40
2453,2681
960,2509
2574,792
328,2471
1517,924
2078,2007
591,2538
1611,2222
1679,2235
218,1442
2274,2529
704,2122
124,2117
956,183
2165,653
421,1503
1801,1755
2632,1379
2387,1858
59,1330
2233,1975
2233,1157
2022,352
568,396
1586,1314
1707,1498
2242,1643
1094,471
1755,976
2604,500
1790,491
1359,1733
858,174
121,1392
2415,1382
450,2015
2426,2630
563,605
2238,2260
945,1422
376,2468
2590,2444
1944,1860
2654,1288
2658,1324
135,1492
1379,821
2169,2522
998,1581
2277,1046
621,310
2207,26
2437,1017
190,1075
878,2310
1470,2159
2194,2038
709,1290
2422,13
2155,1823
1918,194
1590,87
1142,623
793,2447
1030,183
1976,173
830,467
29,1438
819,1316
1468,86
1937,2079
1258,1440
778,2730
825,1075
989,710
703,459
1158,893
2543,77
1277,642
259,802
46,1986
1415,832
375,2275
2538,857
2268,1300
32,2312
2738,438
1661,1179
205,2262
2191,1254
2082,1604
286,957
2302,2245
468,2512
549,550
96,2609
1354,1683
2234,216
2629,2206
2429,1494
1310,736
2245,1480
529,985
1281,1689
2706,1868
256,1929
518,1753
1090,269
1883,2090
1383,1416
2681,2225
1816,1498
1331,1579
2329,2338
1994,2219
2602,410
2342,2428
2390,858
1556,357
1852,2694
945,2350
24,650
2584,446
816,1789
655,1659
890,2283
1198,855
2274,1420
1442,628
1881,1701
2158,2444
2523,2358
920,2008
2036,925
16,1804
2532,1727
1462,2266
1471,2523
1084,1311
2489,2612
102,1320
2056,2467
837,424
2329,2085
2215,1781
1773,1488
1472,1381
824,2109
290,345
2215,60
2728,1817
2076,1978
575,727
935,813
2606,2285
1582,311
2307,1942
734,1875
1956,1836
1744,2217
275,273
2474,2261
1761,1399
958,1087
2575,1666
107,716
180,342
594,572
218,1616
1140,1736
1292,1310
1024,1241
179,1831
2489,1600
129,2311
652,1120
2685,302
2696,169
2042,1592
2416,224
1304,1967
600,1866
105,2582
2289,70
2111,255
120,729
2063,2077
582,1479
64,499
332,1722
1001,1278
563,2685
1393,2305
181,823
1829,2462
1914,448
2346,2453
2670,2356
1810,394
1484,1318
904,554
1614,779
2032,107
2179,1643
1459,715
2383,1535
825,1723
548,2025
539,2424
2015,2308
2079,1083
1120,2667
1195,1590
1889,615
571,15
1788,1138
701,615
2271,35
2648,610
2698,932
1153,1502
2515,2520
1961,2144
332,1410
2130,2674
2017,1352
2655,451
68,162
922,2700
2001,1302
2290,2725
2322,2144
1001,2380
2030,2008
2421,2197
1264,2295
94,1630
749,26
2046,2206
50,1878
563,1056
2393,258
105,1737
1817,2220
1592,366
1188,987
1476,2115
179,2371
240,16
333,1590
1295,332
937,947
696,1012
1351,643
1460,851
910,2338
1250,483
2443,61
2511,723
1684,2422
756,1615
1454,2173
873,1687
609,161
1798,1135
534,2595
2364,1666
2601,622
1507,1085
1113,71
1596,2232
1265,807
367,2265
782,424
2451,969
101,496
646,330
727,1910
157,836
1794,2543
242,731
1115,876
2326,903
155,1587
1148,1872
805,817
1664,1359
1606,1104
2720,2443
2719,1136
342,1294
670,1297
1899,2291
2576,2476
1523,622
2310,72
659,1044
277,361
2090,731
2108,914
356,603
1228,529
991,1774
1844,2287
1216,1142
624,517
610,459
2521,541
351,469
347,2055
1055,162
1261,568
716,1575
98,1990
773,1019
585,80
317,724
1780,2279
865,1749
1890,226
503,233
1041,945
1631,1378
700,2298
1687,1298
464,553
786,83
612,2399
2075,1628
968,2126
823,1426
1213,1643
1935,1456
2293,1255
1306,1329
1550,857
1925,2299
198,492
2259,1170
120,233
1530,1970
718,1467
1493,1400
2531,1992
2547,970
1029,950
1425,2576
2076,1914
1743,2242
2181,125
1773,708
1123,277
2519,2564
429,2544
444,2305
1741,839
490,312
2526,1779
1750,1544
1550,1749
581,2328
2674,2446
2264,1174
1621,1418
2438,682
874,290
405,1381
2052,94
2444,115
1586,1335
2655,515
2636,1599
1506,2375
1085,1265
535,1378
2716,1243
399,1291
1803,842
1886,1274
2385,2714
1595,1146
99,1156
569,1038
1512,2534
1097,2365
2166,615
989,118
244,123
2389,2522
1110,2473
1720,648
2678,173
2007,641
2313,1718
2202,1976
348,1827
2139,2655
1344,2210
658,1768
2735,2607
997,310
1045,1162
1527,361
900,2224
1487,1729
1501,1474
495,940
749,2146
936,2687
2663,171
2095,645
2334,358
1781,2614
1381,2551
1616,420
1639,2556
455,1106
2478,1952
236,2411
479,309
840,1033
722,1798
1109,1783
1836,235
2407,366
2334,1260
410,178
2383,1123
2091,2427
1798,1394
2136,9
667,2251
1105,13
237,1394
2520,498
30,2702
1621,494
579,120
827,2299
2221,2513
2706,2129
2334,730
1738,2610
836,1025
1970,307
446,305
2094,932
1520,1105
1335,1029
541,1534
2400,451
877,2320
2215,1620
1078,2314
242,37
462,2347
1000,1017
1034,2441
1149,680
1875,1096
407,2328
2641,2514
1685,1365
14,2709
1197,475
2421,1920
887,717
1477,882
1166,2198
640,378
1196,1977
338,2652
2013,2294
949,2159
2466,1933
148,517
790,633
150,436
621,2585
368,1877
2717,309
1898,24
1558,1435
727,1410
2024,1969
692,2271
1364,1835
1841,655
1456,2489
1023,1797
653,2064
1319,1629
876,2357
1870,329
911,2144
1144,593
1194,1931
376,2129
1213,2404
875,2201
2610,2331
2460,1624
422,2023
2041,1991
946,191
1121,1068
685,1608
2252,1231
1820,170
1271,2257
858,1387
2676,706
1304,1813
1422,241
971,2627
1399,2602
1633,1138
1806,469
565,870
2342,166
2322,171
1659,2354
2262,9
1197,1536
2362,2650
1590,973
2360,1504
453,1649
2326,369
329,154
354,692
1780,619
579,1143
1867,145
639,1634
1438,1850
296,304
1097,483
1950,961
2065,232
172,1847
2131,498
2738,1630
2346,1091
2673,918
1098,129
424,1325
1138,603
1233,1097
2552,2317
336,1648
1535,969
1688,2319
1960,1654
1272,696
1304,2737
691,1614
189,2127
59,1139
2700,696
1139,2720
1030,1838
651,392
874,1382
676,1786
1796,2499
1965,2404
85,498
1407,2344
2033,1836
2650,1199
1870,753
1058,986
2586,1346
2683,95
2576,2025
618,587
1005,325
1551,1641
2524,325
177,1989
524,2499
692,987
1549,506
2249,192
379,926
2529,1224
1729,624
2566,840
313,1724
300,472
1362,1104
907,259
919,1992
750,1382
197,1217
2366,1534
1845,209
1395,1176
2590,1916
180,2481
992,51
2618,2254
301,571
1050,1191
1018,2400
1676,1875
943,2173
768,702
367,1396
1497,820
1794,1192
1270,686
56,447
2596,2703
1422,902
2646,825
2282,1852
2499,661
944,2620
1183,1644
810,628
1097,2510
2186,221
1680,1577
2218,1263
441,2087
1096,931
1581,979
2073,1470
1909,2298
152,1192
1778,1432
2388,396
2291,478
1975,113
2410,708
2048,907
1702,422
1283,1482
2501,2713
2475,1051
74,1159
160,668
1780,496
806,686
1112,519
613,1437
530,2153
2608,2222
1657,2176
10,2506
1343,2368
58,649
451,2272
1244,288
96,2611
1106,293
2242,1998
2330,1063
993,2428
891,2277
61,2599
133,1777
2007,2134
719,2283
2279,2700
1326,85
1871,383
1967,672
561,262
1724,99
729,290
1396,822
1832,719
771,2056
2338,2710
1955,2018
1451,1629
2288,405
1717,1145
1295,323
158,691
1032,39
499,1574
1308,1284
2471,1684
960,2574
923,2230
1196,2027
629,1425
450,1696
2263,1763
2067,264
1314,504
1063,1638
2119,1667
2315,1850
160,2521
1641,1809
1954,103
2168,1629
1978,685
250,705
1693,2186
2355,1397
1327,586
1589,131
2687,1051
195,2055
1203,819
2092,1670
1217,917
1436,1807
966,1515
2515,1041
1809,270
2152,2629
2446,831
214,2651
1043,226
1937,1973
480,332
1656,820
280,1823
2549,652
1990,183
1883,2268
1395,1351
501,1111
1990,128
2253,944
62,419
2716,1599
987,214
2127,2008
2636,1918
2302,2238
2165,1054
1131,2727
1816,481
1552,506
1631,1053
275,1376
1819,134
1742,367
1587,1831
1293,806
2030,2737
1999,463
2442,1814
681,945
456,39
789,422
132,1170
2182,1237
850,2353
2253,2238
391,273
540,1067
690,1777
1667,723
513,2398
1760,941
1575,2691
851,2570
489,1967
1937,1997
1489,1552
1167,2184
2308,266
118,1091
809,2064
2568,998
2,2141
702,2160
2660,207
487,2564
1,1319
1918,2264
2621,2539
1592,122
1262,1955
355,1422
1530,2022
641,829
1310,1009
530,2554
1545,790
1773,2225
1206,2007
1321,28
1254,1673
1939,894
506,710
1333,1565
381,2506
2605,376
1495,2584
1593,439
2223,1258
120,2638
1877,953
694,1891
599,2441
2689,157
1402,1961
1273,1132
1209,1344
1829,2235
248,943
407,1658
1948,1353
844,2422
1025,1300
599,383
823,1189
1956,487
485,1088
2572,883
2574,620
879,2113
2487,807
2038,2146
2005,2274
1440,1089
827,2654
628,1603
926,903
1823,1593
254,1274
800,1024
1878,1223
725,722
2322,2346
1027,620
28,504
445,334
2470,2627
2321,2298
370,326
139,1179
2484,236
1618,1127
1100,1193
1477,575
1247,485
1551,2043
1055,2147
2130,2595
74,1120
238,311
458,1580
1023,712
938,1378
608,2205
1504,2683
1298,157
193,2452
1341,2419
2449,2740
422,2261
1282,2061
1117,1633
2252,902
738,138
997,889
1341,75
501,819
2227,1810
2518,584
1359,1166
646,2262
1121,1042
1408,1171
1710,1428
2341,1175
503,229
314,769
1622,952
2065,1432
64,1122
792,1782
2358,1787
1383,2627
1132,825
2035,118
425,2565
2397,1207
191,2410
2107,1256
2125,583
688,2287
2672,1407
2287,54
848,2463
1940,2688
1786,2635
2507,166
2259,1141
1959,59
274,2193
622,138
872,530
2347,866
1656,18
1309,57
2667,767
2409,72
1805,557
1815,2685
365,1996
2278,1782
1817,447
2688,291
1462,1066
1208,2014
1717,1580
147,601
2585,2540
893,2539
1626,857
1191,2539
1635,1379
2467,2327
2204,443
2268,1965
1367,710
2670,168
149,1986
435,1620
2381,662
1122,94
2094,1695
877,113
1664,2239
25,675
2307,2710
2513,585
1413,1396
2616,1173
2077,308
981,2474
1158,1902
1147,1737
1363,2436
2674,2189
1072,95
115,1752
172,158
1694,1070
1259,584
2328,1531
1268,1475
1978,1776
2524,2673
2662,900
2467,1929
630,1860
2175,1184
337,319
242,2218
1147,1687
2492,1526
2114,931
134,1794
1459,55
248,582
1469,1373
1390,1145
1771,1327
345,16
2222,861
736,418
1301,995
846,1352
2017,1759
2448,2522
2088,366
1994,229
1088,1988
880,53
2015,2134
1075,2132
535,1733
607,1873
188,129
1768,430
2019,1373
1194,1637
1989,1625
1456,954
15,1807
1387,1575
593,763
1021,1420
7,2154
146,2406
850,1025
1070,1088
402,1967
22,1484
1779,601
82,1493
441,2006
1502,1434
1244,915
275,1290
565,926
959,1267
877,1542
478,647
961,2191
68,1343
713,743
2292,2718
1115,1218
1767,1758
2275,1517
2224,1938
490,1634
1053,1787
902,183
1940,211
307,2061
274,778
691,1964
1460,2145
2552,1806
103,495
401,2166
2423,498
1920,1187
307,2717
2069,1034
1454,717
2687,2343
546,2358
2158,743
2518,1398
2346,1893
279,2140
2560,612
2594,1583
1486,103
1325,322
2246,1946
480,204
538,745
1607,2036
1870,1489
2187,513
2149,516
586,676
2258,73
2495,751
2038,2067
1386,2626
1670,2306
2227,1366
712,230
18,1436
340,1668
1215,2450
458,792
1259,2733
633,639
481,1191
2319,1409
2206,1527
2081,1390
822,762
658,30
2677,1227
966,424
2687,529
1638,2263
50,1496
1393,1002
331,1267
1751,2661
782,503
422,2677
54,301
711,1825
1026,2315
959,139
1224,2211
263,1626
1934,2540
960,1592
138,1964
2567,1815
1141,2440
974,1720
2576,965
898,1259
1178,1397
411,2109
604,544
1522,2585
2083,2321
1890,2664
2652,1641
2411,2716
745,2549
1300,151
594,1229
400,16
1385,343
186,1851
1494,1776
2472,1238
2002,310
964,1079
33,2531
1510,1844
81,1541
1125,2138
2650,1325
716,849
1722,830
579,1480
1912,399
2578,333
780,1244
1264,2269
1391,1751
1551,1620
628,2188
672,1723
645,346
2498,682
2123,1112
1272,1180
389,1491
123,1110
294,1937
1007,914
2172,587
1736,2212
1713,2286
99,665
809,286
173,2102
1220,1899
151,2436
2170,976
198,2448
2369,2137
2709,871
894,726
1027,2356
2524,622
967,39
2537,958
1214,1012
2443,193
1883,1714
2677,745
2553,2522
410,1588
1596,2008
1205,1213
1509,531
2292,1682
1473,2505
25,702
843,2151
868,1632
167,1426
683,1165
505,1453
667,299
451,663
406,1069
403,542
663,1560
496,520
500,1398
2516,1804
1101,2431
1319,537
184,1965
1568,1465
1050,1266
1706,610
495,1908
1609,17
321,1775
1258,280
939,205
1265,653
1744,2621
176,1056
1918,2696
312,806
882,1653
2231,406
1372,1257
447,963
2373,2178
2605,9
2612,347
578,1686
1865,1712
962,345
1990,1727
1699,761
788,2421
2163,92
218,569
770,1698
2000,1199
2168,1112
1009,2278
2530,1159
2336,330
111,2037
347,125
648,618
489,2602
980,307
2705,650
2231,1051
501,468
2468,1217
1773,2033
963,430
115,2151
2338,908
1839,1700
1776,1880
2471,15
1675,2350
888,610
2679,1669
1375,907
264,1933
1478,1280
710,2042
1613,2003
1584,1773
2374,1889
2571,2612
556,2322
1588,1245
2125,90
853,281
134,253
2375,61
1146,2635
1737,1107
1519,518
746,62
1328,1373
2232,2259
208,992
1862,2422
245,1724
859,823
577,2291
1423,1670
2546,1072
505,530
165,1591
352,2377
667,2274
2279,255
622,543
1302,4
1399,1019
1111,271
1793,2484
2397,1892
1197,963
2247,126
2535,406
2327,598
1480,1460
1744,525
895,429
613,1751
1246,2580
1482,1366
1218,737
74,969
1641,2692
1225,1151
8,1417
2698,949
2265,872
941,149
1331,1919
2517,394
1503,2274
1802,215
2420,2644
227,1427
1746,1850
581,1791
132,1318
2539,267
2569,497
1283,50
246,1564
2093,1422
896,2616
515,1357
641,20
2624,2006
2669,2334
956,1393
314,970
2414,531
668,145
1156,2062
1154,900
1265,2005
525,1933
387,1597
2626,2709
785,1558
2154,722
1360,1009
2246,493
1173,393
2280,2382
1931,900
16,971
1685,1425
820,1198
1305,679
2482,2100
220,1333
318,2001
804,291
2393,2213
932,383
921,906
2180,992
121,1687
1904,826
1091,2283
2031,1834
2295,2224
2337,752
1218,736
2546,1001
2202,2213
1400,93
1245,1832
1960,2489
2145,2397
1061,888
707,2595
396,1577
156,2396
2255,2300
688,1999
1899,2539
2730,670
1307,2595
197,2167
1205,336
1583,901
1381,127
47,1029
859,834
42,1278
182,1031
327,1874
862,1145
984,614
2473,107
1010,1336
1511,2032
1789,2433
1526,890
330,647
2466,2314
1595,1908
1821,178
2653,2237
2675,2288
801,1355
200,2248
2457,532
416,2148
106,711
1702,1485
2647,732
2273,1765
1081,14
827,1
1097,30
749,1110
2417,1339
585,266
1755,91
1720,993
1092,1811
1157,1497
1895,123
2579,2131
664,1847
426,943
1960,1086
1981,1193
1339,1433
2449,93
2354,1012
383,87
325,2030
1943,2459
1135,431
1285,1780
347,639
576,1572
1687,857
1809,1458
1858,2641
167,2248
989,2589
1741,21
1503,1398
2147,2094
2151,131
2092,2117
865,609
285,244
2448,313
1939,1069
31,761
347,964
1061,994
1723,262
1987,1877
451,1976
714,705
1650,2224
671,813
1852,2600
2200,2266
808,1562
1725,1966
2542,1677
2668,2681
1270,843
2385,2090
2370,484
2102,1214
2035,1275
841,707
238,471
194,1092
1538,432
1804,1829
1472,180
1437,747
762,1
2275,244
1104,1306
1893,1537
2297,165
1010,1186
1083,2249
1236,295
639,1738
2012,1182
404,19
754,1798
206,286
1744,1882
2060,1501
2168,558
1409,285
2711,1066
1247,1341
418,899
1267,1412
804,936
813,1136
2537,758
1274,1392
817,99
591,1707
1496,393
440,826
496,1502
620,1325
1856,1280
2309,2607
521,454
913,2553
911,1380
2061,1698
2664,594
1083,214
1884,2032
1066,493
2142,586
710,1990
732,2291
988,2584
1413,2011
2110,2534
2151,1177
2208,2445
1791,48
550,2018
1730,1956
2557,541
517,2326
2090,2598
2434,999
1701,2127
1118,1256
535,1194
2041,992
500,980
2247,1724
1560,1235
581,2095
851,2471
1953,125
1194,1623
1587,842
1746,1430
690,2486
2061,1487
445,1754
2166,1839
1440,788
208,137
1549,411
1235,1050
1057,901
242,1206
196,1698
1257,726
1517,1767
622,1038
1439,2163
338,64
1461,1409
492,320
2480,801
2305,1208
2492,1844
1732,446
468,1757
42,2280
1795,2436
2588,1570
988,1186
382,2582
1513,1345
134,1565
2051,1540
1405,1294
1787,1055
2684,61
1736,155
308,504
889,1613
1694,649
1291,2038
1032,72
364,2349
5,2126
1834,74
771,1306
1202,1298
2309,1898
7,1999
2152,2144
12,1296
1086,2591
1353,2666
2648,638
195,2555
1616,2286
715,2504
938,814
1208,1470
547,224
2049,1190
539,1423
1297,992
1409,110
70,1797
704,945
2317,737
1716,2284
1443,2197
775,1145
1019,2032
929,564
266,364
2257,818
2390,2134
2660,937
2505,262
1524,2116
1374,1432
886,1047
2579,2218
1446,290
965,2628
2143,1967
2468,2434
1778,1450
1590,618
424,1225
173,474
2079,2001
1194,3
1448,1215
2684,2119
1586,2431
2249,2568
1089,271
104,2498
615,1214
2617,664
2310,2685
1584,1470
935,569
1168,2302
377,1233
1264,579
2484,959
180,9
497,1313
600,623
399,1718
2073,2458
22,23
2631,1544
2029,2394
512,1348
944,215
2592,714
1134,726
1315,2653
965,355
2149,1485
909,2434
508,654
2279,2605
47,1061
1144,1121
2594,793
1757,1883
990,2382
455,1541
2475,913
368,1896
2377,1729
2361,387
1909,1773
1846,2564
1401,2434
446,1252
2373,2132
2281,227
870,477
2689,310
489,2606
2739,1265
1994,206
807,1649
930,603
1114,322
1550,1751
1253,1302
2514,215
1377,420
2541,2696
1989,1204
1411,1687
2383,1890
2516,2452
258,416
1161,477
1987,2102
2589,1414
1338,2567
851,884
1578,1109
1029,1656
1954,2351
2006,2229
1655,1681
2094,715
1334,535
271,147
179,2202
1391,2673
349,554
1665,230
2230,2628
628,984
1676,2066
1648,279
1827,2632
654,2265
1765,671
435,287
1402,854
824,1013
867,940
171,382
1873,2646
2587,1491
475,968
1272,2498
2435,1698
1297,1240
2183,2431
2435,893
491,2377
2345,2228
439,482
345,1220
1769,1404
300,1087
2606,2196
1462,1622
552,2514
2232,2132
2663,2403
1362,85
1974,5
1640,2567
1558,2640
381,1284
2486,603
541,1784
1582,1186
1136,805
867,854
866,872
2479,2063
2387,1659
647,2432
1885,2386
2332,459
387,2297
1931,1510
201,861
1179,714
983,984
2288,2492
876,397
1736,419
1577,956
819,2188
764,93
2168,1517
29,1352
173,1624
338,1647
241,2261
860,1175
841,1330
538,1063
1817,1784
2407,483
1885,686
2000,2081
347,591
870,1255
1606,2373
2437,979
328,557
1486,458
1065,1288
529,1417
2470,1356
1641,664
2497,1266
680,192
175,322
530,2400
282,611
2210,1808
706,1042
1699,175
2636,2207
2656,1371
1167,2463
1415,2220
591,1319
2416,2685
1453,1819
2354,1443
2049,1635
2430,442
2688,527
1682,1635
996,1693
1615,2475
587,1706
2458,753
19,621
1419,1817
780,1934
1330,1692
2444,729
552,259
2070,1485
2198,440
252,801
1032,6
2570,1156
1250,1684
272,2344
1878,2708
1217,830
2220,1824
1784,2471
1244,1642
1954,1340
1626,67
2702,1584
1289,2084
1752,1251
64,171
2629,29
846,1070
924,392
355,285
769,676
548,1288
299,1886
1812,2177
1654,833
907,24
1112,580
1045,2551
421,2524
1711,2571
783,2371
1142,2110
1990,2209
521,580
753,1402
2097,1632
504,2283
2228,107
1862,736
823,744
800,159
545,2453
31,251
667,1018
220,2051
1846,18
1892,1088
1813,1964
241,1299
2636,1605
1184,1627
1034,2553
1570,2019
1807,2604
949,1146
2463,2546
373,2133
1797,2656
1312,2412
115,1783
330,2642
2345,209
1929,694
1139,1460
1324,436
272,2458
318,1363
1699,2711
731,573
872,1832
1166,1122
1365,201
1192,1296
369,1709
1943,126
945,1435
375,369
391,993
2404,684
2173,2322
1313,1395
2453,718
1314,879
1674,2645
2397,960
1310,1291
453,1794
1207,1015
2239,2710
406,628
209,2060
2665,1415
755,559
195,1522
2453,2123
1546,2238
2735,15
1715,2308
152,1588
307,471
52,2611
1988,11
1773,524
1579,920
1433,2130
2103,2571
240,1009
477,1968
1170,135
365,1965
233,1932
1950,210
1390,2520
1276,1146
2438,1031
1880,859
885,570
2071,76
1461,439
398,2524
651,1866
2356,2002
1135,1089
2142,604
2598,608
1586,77
845,2145
563,65
1713,969
1473,1385
913,2701
1777,1654
2720,732
725,2441
171,1768
913,1392
2689,2229
737,1932
459,2499
1052,1589
969,1087
2697,1920
1118,1746
1084,9
2734,104
828,1095
295,117
763,1456
507,1540
518,1329
573,1382
1415,2263
2259,2072
1101,314
2196,497
674,739
1310,1167
369,252
443,1263
180,2611
2270,2477
29,199
531,1614
786,199
478,919
1625,1456
2072,1180
679,1880
1324,2031
2728,1698
440,676
1460,1729
2576,2247
421,2676
1397,1214
2727,2544
373,1451
197,983
1423,2094
1782,1294
1106,2709
2683,569
614,2089
580,999
1153,1216
1435,1060
1993,1199
1291,1305
1228,1343
338,1662
319,460
1925,2291
1510,1856
1208,2151
2112,1574
1035,2621
1964,215
343,2105
367,98
274,2257
485,1744
2063,2020
1034,1743
2406,2029
2402,1983
2557,139
2403,1768
233,2446
1402,1336
1182,2593
1035,1237
2465,1719
2130,583
1151,1057
780,2004
2606,406
210,313
2337,432
722,827
1901,1955
2350,1627
1940,989
864,1581
1004,613
993,1912
640,1026
2666,25
895,521
426,376
1588,181
430,406
1654,2322
1860,159
1673,632
371,2226
936,928
1277,1937
2214,972
870,2657
