2112
2112
1456,493
1521,1871
1608,528
1317,511
557,441
1206,1825
103,2073
2076,48
1815,495
108,4
178,298
1924,1164
1725,1752
1326,182
1726,477
585,324
846,1409
693,1542
1288,427
67,949
2104,766
2067,1060
115,1013
1534,601
219,1247
375,299
502,801
1188,903
1120,364
1576,1727
1364,1880
702,787
1716,1310
1410,1474
1074,534
27,836
881,107
1583,2012
260,1820
539,1432
1490,175
1524,1527
1459,287
1275,108
766,477
1755,1178
782,260
885,1924
169,240
258,225
512,489
1848,1345
724,696
239,1880
2054,1626
1042,79
1341,609
1695,1763
170,806
1779,40
1340,791
1874,1007
31,1609
353,988
364,1524
1806,1466
831,1620
397,453
1829,1550
1868,1208
763,39
402,1809
2087,1780
93,1739
1926,2002
806,1735
1295,1447
568,267
816,214
1992,262
1769,670
1327,278
434,2070
212,538
1594,2071
512,667
1305,1313
1721,905
1745,735
197,1614
592,206
301,141
9,859
1942,1080
1985,989
658,1945
1122,470
1622,1375
564,1682
79,1656
1418,193
93,1489
979,845
1506,1629
2006,651
2056,591
1900,1225
1357,1396
1898,1223
748,551
962,447
239,704
1663,1043
208,920
575,842
166,87
679,716
168,137
903,879
1647,1406
475,759
1689,1340
963,1552
2092,1109
564,812
937,2007
354,1533
1944,454
1866,1265
747,705
1862,15
1622,1504
983,184
1042,1834
846,1488
1037,108
841,859
831,1077
662,1580
1673,338
96,1346
1609,1856
752,1071
1586,49
694,1188
486,100
1948,1743
1617,708
1041,1087
233,894
1502,1494
1132,1236
1113,1380
1054,115
879,42
461,378
721,704
169,1351
1031,613
1918,975
586,62
2101,518
564,2041
1746,559
1813,1642
20,1250
2063,433
62,980
1837,1366
1437,138
1209,2009
1729,395
2087,606
388,620
438,29
257,1450
1361,640
313,2
578,921
2008,1228
1630,1986
1722,1118
1724,1776
1353,1360
1478,630
280,212
228,1206
1164,1100
1389,1573
1472,1049
1724,212
1561,773
2028,281
1326,1026
1563,558
2066,860
288,673
625,517
719,852
1412,156
117,818
1960,1781
776,1710
1974,1452
792,1880
911,1135
94,820
513,1026
833,1650
1808,913
409,1551
1336,1299
1710,48
255,848
1541,56
63,1000
1213,2011
1254,1420
2083,1882
1770,164
964,1445
1098,976
1565,1863
879,1224
238,1933
1640,490
952,429
1116,165
746,1600
1824,623
475,1207
611,550
1528,454
374,412
321,805
731,974
938,1201
684,1113
220,623
999,2043
1619,2027
1053,239
1160,714
741,1342
1436,946
265,611
2057,1771
1873,1512
1905,535
1645,1109
1868,1757
861,1774
1248,308
1650,1316
1199,459
1956,1856
1145,387
808,1116
646,840
1984,1756
1090,627
1805,1774
1484,1557
1198,1775
1994,1979
820,341
1620,894
665,330
1111,1875
1988,485
259,362
952,157
1649,469
1878,1962
1866,844
330,1682
1646,1217
955,801
1358,1700
1008,1119
597,1925
51,276
1976,1168
501,2076
1080,8
983,1587
445,2078
1362,1400
988,46
1504,840
519,1177
1909,1653
1897,1624
22,921
1802,687
1875,90
136,1906
1165,1436
927,381
4,720
255,580
77,696
1884,1342
1695,392
45,2002
133,1844
2057,1409
99,1800
318,802
1873,1382
1160,954
285,1407
343,789
1854,1350
736,2056
445,1477
945,1644
616,770
403,1916
722,991
2101,238
1118,429
2093,2060
593,150
978,488
332,1825
1292,312
1620,784
1269,1919
1633,83
1102,1178
1265,667
1899,553
780,1080
1682,1045
164,1201
112,1430
1084,357
1001,742
265,898
1219,1634
1585,453
644,7
1411,442
1113,1247
1315,1970
695,961
913,1368
1386,1080
1817,820
952,995
1039,217
887,1796
9,407
1770,767
212,705
1402,227
1155,625
1613,1503
1383,4
9,1960
379,87
1652,733
343,374
185,713
65,1398
2080,1725
529,1210
511,113
721,698
1623,353
890,1740
753,1787
323,1205
1268,1028
291,208
1198,1259
179,416
942,1915
25,989
1980,1320
550,691
1656,1530
1424,1479
1574,1936
1313,13
594,584
1817,103
457,791
1461,528
1803,1651
282,861
834,1812
1141,450
2036,1573
1412,616
2046,279
868,240
862,299
1331,992
34,1014
1108,2078
1029,163
732,870
354,1373
911,1449
264,1032
957,89
2068,96
715,1383
1191,1237
547,791
1903,1515
1689,1925
34,1249
1738,583
1780,812
1864,46
927,1381
1781,1988
1595,2007
1856,232
432,891
1935,1180
1216,1577
232,1675
107,253
2023,552
343,1842
420,1225
1322,1087
116,783
923,599
374,1509
26,2060
1617,14
1253,1335
263,1485
122,673
442,1310
1911,1800
816,1624
1366,386
1042,1960
2037,1672
1368,502
696,575
235,1345
551,976
825,1466
140,1140
1940,1773
1347,1297
1318,250
1762,999
1799,1526
1929,1277
2003,54
1106,683
922,1029
438,1140
1349,1314
2012,441
712,1810
1992,1938
213,754
321,341
945,571
1878,536
838,1020
1235,1557
105,108
1556,169
447,1285
1304,572
202,478
1032,1127
109,321
478,1837
297,883
657,1222
747,353
1334,1449
1458,1848
620,1240
32,1369
1801,270
1271,1668
493,1748
1533,1353
38,1876
1423,2049
1379,1466
405,485
413,1172
441,784
1144,750
1781,19
1171,927
1087,1815
646,1282
845,1850
1362,82
1248,1754
2001,1005
489,2045
1235,1524
114,2011
947,1398
199,360
1530,1433
1751,1877
616,983
1361,792
2018,732
152,1721
455,733
1289,1813
1228,1534
1064,1624
1928,632
164,162
25,1074
1094,984
796,1769
2044,82
2069,1011
486,1257
295,1865
1863,780
1259,844
2095,398
443,1857
2058,1965
289,1768
1384,231
508,1537
1471,82
577,254
1972,1481
773,1999
681,756
663,349
2040,1781
573,817
1857,1679
755,1297
192,1292
1946,495
1797,777
1842,857
1668,1196
1944,956
1555,334
1529,1397
1689,1360
216,149
163,1300
327,1424
625,1993
1689,811
1921,1520
367,1298
1491,1143
504,1471
676,1426
935,349
696,861
1006,576
1340,932
476,363
860,1889
807,533
809,2002
1729,1183
48,1299
1690,2077
722,92
1771,39
1120,531
589,1120
316,662
725,583
1707,629
1762,113
7,1038
368,1717
1000,1159
1795,551
1672,178
350,1564
1293,1167
773,947
314,1789
39,2071
1373,1959
1312,1102
1544,1233
1977,1564
556,1588
1600,781
2075,420
12,1434
1705,458
90,2067
800,2098
958,2056
1274,1244
98,750
740,365
1105,1269
1878,652
1740,2043
287,770
1356,1559
135,1264
1576,307
1218,1339
188,865
50,57
926,435
1569,1641
716,1295
887,1830
1200,1591
1361,1698
1591,1612
125,1697
2022,388
1779,1
928,1892
324,284
2029,499
150,635
428,514
467,1834
582,2056
96,2018
414,1158
277,845
808,625
819,922
1302,278
1216,332
532,362
1120,456
935,1635
1513,510
55,1548
1645,140
882,2055
1052,1858
2020,26
2027,490
1588,993
1556,1604
858,214
1202,1598
627,445
1069,836
1812,823
1139,811
1364,2004
34,1901
888,698
262,2080
1045,81
1362,1353
1204,1834
779,2045
307,1026
1985,1774
915,261
248,1197
1428,287
781,1606
1954,875
1518,1780
1519,900
1521,1630
1495,1353
36,1800
1383,270
1245,1008
279,176
27,1470
17,847
1432,440
56,1141
1724,1038
2090,753
1059,417
32,1565
1009,134
1165,1587
1736,1700
1268,1092
2062,2077
826,862
2096,1635
180,1230
1257,323
664,88
644,2087
1938,635
1753,821
2022,1579
649,1045
669,1361
764,1443
425,53
1228,1094
1317,1164
225,1902
2029,1349
50,144
1830,742
1280,899
1738,1376
2023,2098
1136,451
988,1478
2112,753
913,1633
799,719
1023,930
1819,1078
307,1703
1336,194
1178,1803
1700,591
1244,60
441,466
1419,11
94,376
905,267
832,1880
1940,1636
245,753
887,1028
2107,202
1961,397
449,1238
609,1191
584,573
2061,1236
2063,1883
1847,407
574,1685
1459,1167
1999,862
1398,636
1178,280
784,238
1730,98
325,1472
839,1002
1171,56
1282,1060
43,1446
48,886
64,47
265,1529
143,1600
1155,568
1717,491
1017,1900
866,1734
1333,1331
563,298
1114,781
919,404
674,351
754,1101
82,85
1024,1181
356,1450
846,948
206,874
889,1141
585,186
1768,183
224,616
531,1838
743,6
653,596
40,1551
593,1954
833,1697
1503,634
1047,1243
45,1109
1609,548
619,1445
324,871
1696,491
8,433
1117,1203
24,1514
509,306
1530,532
1288,1286
286,102
1791,815
1097,1707
1021,1434
1875,330
1474,134
722,1021
1594,556
1837,1719
1100,1114
341,686
702,315
810,414
502,514
722,1471
1570,1202
1668,1914
1153,1041
1702,393
661,1188
1995,1337
1932,1411
1714,993
1909,1996
905,591
831,321
1575,1238
405,1678
1627,1712
1852,515
1530,1362
320,1358
681,2040
1197,621
1174,1004
1106,687
1587,1909
1769,1972
901,318
318,1952
943,1674
1082,792
1973,2095
1849,1626
791,1031
1506,1300
200,944
725,1846
1729,1804
1825,1208
1679,1081
914,1164
1430,1307
1867,612
1581,1882
916,1820
860,530
1738,1943
43,1045
1022,274
438,787
312,321
664,1841
2067,646
1554,341
1992,230
232,1770
616,1135
1963,1174
914,1882
1316,1611
1407,1461
1472,2009
1641,1874
1314,1118
1703,1350
2103,1399
1284,705
944,612
1802,618
1804,1794
789,895
1357,1288
66,86
1184,245
1924,479
750,1688
48,1278
624,344
1962,274
745,155
1387,273
471,417
531,917
1214,209
16,1121
1941,389
239,2025
816,1378
1558,158
644,902
553,890
501,2059
1759,925
135,897
1303,1407
520,1004
80,960
637,458
1823,1149
1759,1134
313,1143
809,1146
974,559
1328,777
1404,230
492,1315
432,1598
1796,1914
1553,555
119,1911
769,2073
1714,1349
416,1386
2081,2084
1828,1851
1586,637
15,889
2013,794
1404,492
1632,27
730,809
544,1177
1240,2000
1061,275
597,2058
1708,1678
1078,159
1341,1795
1193,724
1261,1916
179,1856
747,807
1197,338
421,842
671,860
747,809
966,1981
1308,668
915,1534
573,333
180,1050
1191,1154
1275,242
994,1725
662,614
369,530
1632,670
1667,1999
2031,1753
572,763
1233,1383
751,207
1471,513
1593,1528
238,408
1696,448
413,725
420,393
998,241
1374,1238
68,1654
1605,512
1285,791
1080,168
1126,1488
249,1876
1817,1275
923,66
1391,2076
1935,1753
403,1765
1164,199
1042,908
1076,466
1343,1061
1266,228
15,1537
1067,1455
1019,1773
895,234
108,1962
2085,746
645,2037
1234,130
1620,532
1637,2109
699,832
842,727
1817,1266
1248,190
1741,178
5,519
663,529
723,1135
1663,2021
1342,28
547,1601
1472,1493
1440,582
1452,1531
877,1562
593,301
702,617
1616,1875
640,1047
1585,251
516,1459
575,1451
901,1326
822,1934
1916,1516
291,22
1266,167
429,24
1028,621
1153,1196
2071,312
1167,48
1232,349
1814,743
1799,1529
1593,873
1084,1839
1549,229
1872,1130
1831,1760
1518,840
315,602
1890,1733
1731,1461
1648,1420
263,429
599,667
218,2069
906,2065
1021,60
976,1603
832,364
2091,74
1237,192
817,1309
122,1448
1180,1767
669,1369
491,65
1307,1419
1031,982
793,1405
559,1483
1949,1561
1783,238
726,1136
588,329
1679,873
409,1652
636,95
467,1906
893,658
1604,1906
71,747
498,1544
223,1200
1619,122
187,318
2017,2059
1,752
439,960
835,302
666,842
1516,586
633,1528
1821,625
2046,1528
197,132
1543,15
439,173
196,67
719,979
152,1953
1615,689
321,1037
1283,1217
1411,1759
771,313
1491,1653
1537,759
875,134
702,1877
1047,177
1622,1174
87,74
566,1546
1298,849
1699,184
17,1621
1447,337
275,1021
981,772
935,1857
151,296
411,1185
1166,545
1453,509
944,1534
906,1250
861,1582
320,718
2089,1671
40,1694
880,45
712,412
590,478
482,1033
82,1770
124,726
1567,1831
1381,607
1208,321
772,785
1951,1189
1461,316
1890,1718
2056,567
404,301
1024,1982
322,583
1034,1463
1653,205
1508,203
946,1404
115,600
946,964
1405,1607
1956,1431
1495,1526
119,1927
48,1711
1139,564
19,988
1379,1808
1622,1676
1841,410
1336,1574
1508,451
1910,347
353,1921
1856,552
1412,1743
1532,440
721,411
1212,1618
1105,2043
513,541
656,1831
618,818
391,111
1002,1362
1132,1880
425,1558
1398,98
1824,586
1822,2028
1313,898
37,688
1905,1208
1109,1766
1851,1809
601,1854
322,332
1679,128
1237,1604
568,2112
801,95
769,1761
1382,1286
1276,1214
1357,1319
951,1982
347,299
1987,1407
347,671
1138,828
729,1688
1907,670
1355,403
1026,1365
754,1967
1815,467
929,1611
1609,1788
519,616
1231,1860
650,1707
488,749
1099,187
1182,1496
955,284
1538,1586
879,532
1302,820
1325,1502
425,372
749,146
695,1405
1024,113
1594,1349
131,1637
1550,514
2056,1150
521,1744
1015,931
1977,383
1770,296
899,1208
613,295
651,959
918,1880
1649,1608
713,895
695,1735
1349,1692
207,1369
173,1878
768,1732
1713,297
1883,563
1776,1048
299,1691
440,1825
90,987
824,724
499,1084
473,539
1430,1361
267,33
1478,186
1681,1350
793,765
529,1420
880,529
1565,1153
1316,1536
1547,10
691,1989
1229,229
1723,1468
640,1075
1988,1042
330,226
277,1815
1618,107
2075,2086
469,1667
1744,41
1212,1372
2081,1157
479,541
553,1017
1917,466
1448,1507
86,2047
624,1701
1758,524
1591,732
1650,1210
104,111
1320,524
565,1427
1083,1341
841,1018
161,1941
860,1598
281,1456
2012,1825
103,1520
1437,496
1780,449
1834,1099
1263,1122
2082,1462
1514,1857
188,172
346,123
853,572
714,34
1232,396
1331,936
1554,1912
972,1401
688,916
674,480
424,1424
1287,1075
1135,1506
1986,542
946,1842
72,1548
1324,1660
35,109
903,1623
711,1203
1104,610
457,552
644,1107
235,1911
103,1512
306,554
1692,2070
1187,1153
1705,180
1947,1081
1757,1867
1252,728
1996,1175
423,103
1597,1499
2106,300
510,1754
106,64
1432,920
709,463
972,35
1906,337
973,232
870,1615
1744,335
53,614
73,1900
793,1853
1322,41
1314,593
267,2099
1658,1495
1857,1339
25,671
2008,1688
1690,241
1306,1855
1862,1663
1781,735
284,1065
1476,38
721,307
2011,1222
550,925
988,874
218,1133
1760,607
23,122
839,386
1637,29
829,1588
54,2002
22,610
1649,881
1653,1192
1718,854
1284,50
1597,12
1676,1581
1041,718
986,113
1425,385
2080,1110
1320,1268
1346,1263
410,1085
1437,1994
1541,195
1436,2031
1066,721
263,1987
839,1226
874,1386
1208,1782
1407,1212
1575,789
559,209
535,33
2010,1031
830,715
1985,462
1736,647
921,1959
932,927
1388,279
1812,1507
481,466
571,944
55,2032
901,1902
1604,1800
1436,654
1235,1952
1094,1690
509,921
1253,1707
1675,1586
1016,1519
177,175
277,1187
1045,1665
1335,799
1222,2089
1351,1587
166,866
1427,1997
969,1434
1441,370
148,379
2033,1164
303,399
656,801
707,560
1154,139
759,845
184,1475
1230,345
1658,929
185,1291
1920,1844
1119,1323
109,1539
767,159
923,1199
1267,161
948,1333
202,2057
377,667
308,942
310,880
963,1454
1468,1909
1890,551
1193,1572
505,1037
1494,1419
1081,984
923,1895
1036,1620
1763,1370
1802,1520
1928,1197
219,699
1627,133
1100,1419
43,179
918,257
1876,765
1252,1874
2092,1692
76,83
1197,1049
1066,928
319,1885
788,993
16,1766
304,183
223,1749
1066,2080
248,362
1698,362
328,703
1956,98
204,1778
1138,134
1025,1618
658,852
1674,1175
207,1552
106,771
175,636
164,1101
511,391
1765,716
1901,1989
736,2039
390,245
207,1365
814,1218
1397,1369
1175,219
1689,111
135,178
1325,1903
379,373
216,395
242,1844
512,1889
1174,1643
1860,974
429,1415
1687,992
1586,164
1632,1136
602,1863
833,2053
406,580
1985,1040
781,1221
508,1610
1202,1816
1037,1202
1864,1977
263,574
1936,1528
1421,1312
1387,1284
2053,1520
2,1758
1841,1218
693,1656
757,272
545,272
354,668
1368,1032
2017,1834
298,1387
698,1977
1087,638
520,1324
1798,2021
939,319
1901,824
58,31
868,1290
2002,749
1269,1826
825,374
799,1924
1557,1731
775,1436
1718,33
2100,671
235,854
1932,1779
1413,2072
1065,992
661,1556
2111,799
107,1693
1524,1931
759,1650
570,1612
1107,1284
2068,2040
710,1020
1981,335
1778,1512
388,1973
850,50
526,1114
250,320
242,869
1693,695
252,1428
448,1139
816,1508
1883,501
889,1603
822,403
1526,205
829,836
1964,1768
1286,671
410,1008
1271,548
820,173
1054,1109
1248,496
1518,277
83,1595
514,1526
210,823
1657,1477
1394,1553
1457,535
336,1017
421,1609
1151,1855
1094,476
585,761
2080,240
920,804
1379,362
739,1288
1042,957
859,390
1844,1487
1472,871
893,636
1814,1136
1941,2052
1870,2057
714,379
201,1223
676,731
328,21
141,28
1191,2088
1205,11
1921,1888
853,1066
615,1783
578,1021
1993,1120
2032,990
1372,1987
892,1943
462,1394
116,661
389,347
1830,27
571,841
257,39
272,1719
371,907
592,2025
806,1458
2029,248
704,2071
1011,365
946,1611
711,802
1981,322
2093,1456
1648,1153
36,1612
1418,388
796,1037
1446,512
798,1324
874,583
23,156
63,1291
406,1674
2007,41
171,283
433,1256
1937,773
153,717
987,618
266,186
1864,1792
339,568
1737,1513
1485,1991
595,1028
1758,992
679,154
253,1797
1831,1432
15,93
1640,1496
408,884
1021,1807
2033,1836
934,1831
1138,1341
788,1863
700,858
626,1491
1690,1784
299,1921
1070,2072
1922,798
629,404
142,1568
1207,693
696,354
1141,298
939,39
1901,1654
448,13
2005,488
1562,1411
486,1771
1002,817
260,1938
613,918
162,1063
923,440
193,389
114,1269
16,679
1863,1007
1916,1994
1992,539
1764,779
1700,1985
1874,1253
299,35
477,1588
1078,45
266,907
1307,112
2089,785
734,716
512,1316
162,1897
933,1463
880,241
1445,1242
867,1980
23,588
542,1860
625,1587
291,1756
1554,1061
968,1443
1780,1433
252,1274
2008,2024
1273,92
1305,564
41,1987
1817,835
1659,81
628,549
1447,84
1494,1597
1275,1987
19,1702
1617,1496
391,1657
140,1282
824,875
1973,998
771,1429
2060,1410
1439,2091
1224,1674
1353,797
302,702
667,901
136,1890
288,26
505,799
500,1643
1599,1512
912,1204
1526,1210
751,1870
191,235
637,1793
1051,979
107,966
1519,1735
1084,2104
1500,1148
867,1070
1580,1293
1768,1130
783,1118
647,1674
1460,610
739,222
725,1578
1047,339
1633,368
1647,802
873,2095
1646,1650
549,1489
2044,2066
692,661
831,624
110,754
1992,724
201,1027
1459,1589
241,543
388,154
1336,1423
291,1728
8,1902
938,608
617,1264
252,251
1580,1278
1578,260
1617,803
373,1922
359,1626
733,611
796,1210
379,1821
776,1612
144,1813
2103,778
646,1132
1887,319
390,793
824,262
1461,715
590,1102
1030,613
651,144
145,1440
224,1176
18,251
1967,1033
911,1840
141,455
1949,1889
671,1720
1335,1420
979,1526
1707,1823
1565,1640
1756,1953
1312,1838
184,643
1187,929
900,677
1407,651
1489,1553
1637,1465
1125,1554
1557,51
1346,209
1208,1832
655,386
475,612
913,565
1860,1006
1761,967
2023,2059
199,684
650,1383
960,1259
2101,1094
1788,994
299,1536
826,735
699,1121
1708,680
1414,1565
1068,862
315,98
1232,1651
1598,344
1070,1974
671,1715
927,1090
1772,685
560,430
1886,1033
406,100
1961,412
1269,728
2023,587
974,323
705,494
1972,293
283,2089
1840,1011
859,396
1275,1872
1920,2063
1729,1299
32,127
1748,1972
334,590
204,246
807,1653
289,1637
1404,319
859,1351
1909,332
1532,1963
399,244
1661,238
17,1333
570,444
2077,2018
606,1698
315,1200
1808,1844
44,391
1357,810
1729,1532
814,1597
1574,1458
1605,1401
1504,1408
489,2003
40,1742
1239,1945
1111,659
723,1458
310,627
1307,253
812,184
1759,1366
573,61
1579,459
1693,466
246,1153
1568,503
707,684
954,1022
1518,940
393,1134
983,1762
1458,1146
1535,1011
1178,482
754,174
976,1043
1780,59
1511,1252
279,222
1311,1626
796,1242
1978,1501
1990,317
607,200
2080,137
990,237
2035,832
87,382
1524,1590
1991,1910
83,1160
381,502
1829,1896
1066,6
909,1194
2048,104
934,1884
648,272
54,1893
362,384
1797,1172
931,533
1633,411
1564,1721
988,1222
1478,1706
1731,1031
808,1553
710,950
1261,274
755,1656
1028,1769
388,1297
539,364
1085,1954
859,1885
306,830
369,186
197,1586
1897,1651
907,735
688,1382
839,1588
243,603
819,1526
659,558
470,20
924,845
1599,91
901,1453
1591,1580
457,1815
286,91
966,142
99,1701
1048,1744
316,1874
574,487
621,416
957,1320
160,2049
943,724
1695,491
1732,1288
1574,709
1865,1789
2072,1246
1734,209
1541,469
687,625
519,1078
182,1377
1551,1561
877,2093
428,1116
44,723
2030,608
2043,551
1958,191
382,1369
1865,1778
1681,1803
1541,578
1140,286
1901,1499
408,1407
235,1945
184,1356
246,1149
581,1329
465,984
1526,460
430,70
1646,1954
1889,1784
1022,878
1840,29
1853,420
1142,1556
421,979
78,978
1399,642
1475,82
55,773
1395,1842
1803,1453
507,1103
1621,900
1657,209
1340,2062
1491,915
427,404
196,1817
1926,1348
2112,1535
2072,2009
895,725
1416,1064
797,1812
2046,1419
703,715
570,99
175,840
405,877
1752,777
2044,1564
1265,1485
311,1730
1956,405
455,906
2079,968
1768,1226
100,846
1847,213
893,774
965,1684
1904,811
1256,974
1742,1367
785,97
1306,50
1629,391
203,1587
205,1377
1035,1583
1958,1944
1479,1910
630,1124
1100,1618
337,367
185,1948
614,2040
1495,1643
376,1494
1253,598
2048,868
1101,1627
1770,1684
816,193
1492,1691
1595,1263
709,1492
1986,550
882,1935
514,1608
52,530
51,1192
108,1955
1265,901
832,902
561,401
762,2062
883,328
1107,60
1358,285
1992,994
80,990
1811,410
696,2111
22,37
805,1166
1418,1011
454,1855
223,107
1903,748
