2790
2790
431,1809
1765,2111
2378,38
1874,898
1229,2784
1418,1677
1000,658
2383,690
2718,1554
1966,624
373,2039
343,2739
487,13
1144,1359
90,611
1200,2006
2736,729
1764,1949
966,2077
274,1033
2558,614
2219,2033
1188,1720
134,1059
1272,1545
2038,2572
964,2454
1714,1522
398,2361
2636,1307
741,77
1297,508
2,1422
1692,2666
479,2314
1105,651
2209,1362
2101,809
1100,728
1826,746
1608,314
1226,1019
1300,1666
703,426
2265,860
635,1071
2248,2597
788,309
852,1597
1349,2542
2161,1397
160,1831
1076,2419
1549,2208
1821,2160
1677,2109
2197,1057
1264,1812
757,931
2016,1189
1608,1780
788,1454
2389,1322
619,2622
435,2481
979,52
908,2435
1656,2170
2405,2013
1314,1887
2444,83
1116,2761
1130,1591
1397,1233
772,1426
1550,2225
952,1865
470,307
1554,805
2663,1047
256,1967
1003,844
1233,1047
1090,2057
2100,519
1151,958
1812,1162
1854,2556
2609,859
1650,2766
2266,1943
2103,2735
444,2327
941,1897
23,989
871,2135
500,1182
1200,2334
1170,728
704,658
2586,173
1753,2786
2011,1759
2406,1275
1063,1458
1525,1921
2088,2266
74,2353
2374,611
1944,397
1275,953
2515,216
1100,1437
123,786
2327,2403
2565,14
2206,299
2457,1382
593,207
357,925
1142,1934
73,2031
908,1543
584,2279
452,2354
1263,2016
1763,2735
2359,174
774,2675
1164,687
1783,1160
1100,594
2712,602
267,456
1647,425
2093,1158
1336,2150
2226,1531
1553,797
2735,2237
2399,1319
219,445
2369,288
321,2376
425,604
1572,2364
2010,14
961,2360
773,1809
2684,608
1894,1683
2683,2693
1607,2632
1925,1191
2617,1682
931,2501
391,2314
884,2514
354,2353
2532,2256
1942,475
1250,2471
815,1547
906,2543
1813,810
2618,1707
1265,1509
1594,1803
1149,1034
2393,1333
2328,2144
46,1774
1138,2769
73,1520
616,1559
1525,522
2576,330
182,1129
2712,1194
2086,2706
2442,551
2641,840
2424,2293
746,2378
2052,1522
1225,710
2008,1581
1562,1408
2228,1604
737,1518
137,2496
1805,492
1689,634
1052,927
10,1466
1804,522
719,666
688,1359
73,2116
427,1247
1688,535
643,955
964,2392
507,941
859,2191
487,1918
2251,11
975,2321
1950,2234
967,1636
2776,2041
451,1580
2361,1186
1812,1191
2742,2320
2021,109
2141,2119
484,210
2040,1699
742,2274
1920,2318
1204,238
2048,2537
243,1728
2119,855
241,579
2532,1381
1097,683
2153,505
127,769
2610,2167
1435,1274
959,673
1053,1492
2712,2773
1965,1913
2364,1943
399,964
868,507
2158,1985
2440,1048
1332,1599
1509,2117
2500,2757
1335,615
2587,2188
1596,753
394,2678
1724,1754
1566,353
284,2437
1841,1262
136,1580
2709,351
2030,266
2595,2323
1386,569
1840,1085
737,109
1808,2689
1034,1677
1764,1230
2328,2681
833,685
1316,1359
2033,1767
276,914
132,762
2520,1721
1277,1808
2770,567
1443,2357
2006,2064
2548,1921
1853,1747
840,208
75,2765
693,614
2737,2456
2754,1956
2340,5
1818,301
2673,377
2597,1044
2230,2295
1592,367
935,2499
1506,2339
1718,1165
144,674
2082,2776
1175,1962
719,1994
1188,1455
282,1528
1241,2084
2372,2764
2154,1350
2601,729
421,2020
1722,692
189,284
2542,738
804,1119
338,2736
1990,1807
346,125
1190,1251
1159,663
1297,490
275,1398
123,1473
2209,1494
619,2506
1490,2551
2051,1063
2039,940
1899,1136
1871,54
2155,266
631,2671
1773,1989
498,2399
104,425
355,1620
2249,899
1750,586
628,1344
2591,2254
2743,2574
10,281
1429,1494
1885,2750
2397,2046
429,1620
1814,2114
1131,2041
2620,1548
1414,1757
328,689
2678,762
2117,2772
315,283
913,1605
2372,587
769,1014
2462,2582
2253,2219
1986,32
423,1956
85,224
458,1713
1422,2253
1214,750
1308,2677
425,2215
656,2346
1127,741
2074,2183
1472,1185
557,2186
1846,644
1360,2184
590,1732
710,1727
1444,1351
1159,2031
1368,2362
500,741
1769,335
526,418
488,2254
1485,1393
2462,2395
1618,617
283,2734
1505,2648
917,1745
1362,1550
928,1177
2138,2560
2574,1496
1090,2295
323,1142
1246,2347
1747,601
2372,361
2222,290
2756,1322
1456,2097
223,5
2604,1399
1965,886
76,1093
2592,964
910,954
251,876
1080,751
2174,2570
1590,1155
58,2163
1263,947
1308,1253
1537,1132
2159,646
1372,1905
652,876
58,1848
52,1926
1406,1635
314,491
1233,2056
878,1412
2050,9
2620,2297
1702,2349
1326,2109
2694,686
878,921
2105,754
1966,81
2646,407
1797,85
2317,1522
1371,315
1014,459
2078,2150
1676,341
670,1923
2033,1374
2622,276
467,343
1849,2780
195,2013
1340,389
306,1356
321,567
1904,2348
2675,395
1839,2221
403,2548
1676,2157
2326,896
2501,757
467,1324
2669,2745
1675,1703
254,1398
1129,1744
2332,1370
508,408
1376,105
2417,978
1267,1819
370,1633
858,1749
412,1604
36,1661
432,2096
57,681
429,1548
272,211
1364,837
1421,835
1476,621
82,1238
46,905
1862,2372
1417,2759
876,2261
2529,2489
699,357
1596,1094
2691,316
1165,745
487,1381
202,2411
2245,753
408,1025
1962,2620
1731,239
1761,912
2005,1503
304,848
1328,2772
2536,2367
1696,1549
2164,227
1269,956
852,2215
2175,629
183,430
2163,1786
192,38
2619,1803
1491,29
663,1537
1595,848
1232,591
2280,726
2724,2502
559,12
30,759
2648,1820
10,798
823,2096
684,598
1224,8
2508,1727
2365,1714
2432,2253
2251,2442
1852,1149
1042,1146
792,668
2238,2059
1508,1264
2679,798
658,588
564,1029
2255,447
2765,578
2267,152
2675,1824
1841,1115
1294,134
76,1054
2246,1117
1515,2775
659,2451
2652,2537
1215,610
1751,788
373,648
562,2333
426,1513
2525,1320
1959,730
2777,644
1861,2362
2593,1200
851,1169
2273,1717
646,1585
1691,2002
280,692
94,1864
1147,479
2254,554
735,427
1850,767
1601,1802
1767,129
2355,2262
449,79
2126,1977
2685,921
1149,1056
1150,2336
1485,2027
1014,2502
260,282
257,293
1355,356
399,587
1958,2274
671,1209
1293,2129
1315,2351
565,1033
1787,1442
634,550
63,2426
1718,2263
1277,2118
228,2167
2398,1732
804,2616
2354,1607
2403,482
768,2763
1215,1253
2484,71
216,1030
138,2641
1284,1726
1835,2114
1868,1811
2342,833
316,1400
39,2231
2488,721
339,1635
33,1468
707,832
2641,1440
2648,1244
1369,1478
1666,1439
2771,1232
266,2227
2676,1742
1235,1657
412,81
2700,2652
508,2224
2693,1198
859,756
132,532
1782,563
1769,1335
709,333
967,2623
219,1045
659,640
1148,849
1570,2667
2677,1159
2334,312
2398,2656
2400,1594
1656,532
1612,1296
145,1706
205,2332
916,349
2118,393
1638,1869
578,1348
137,1757
607,642
2346,214
2336,758
1806,1511
1765,1024
2207,1286
445,2397
1450,2245
763,627
1835,772
2720,2755
231,1152
1448,1194
803,1635
1144,704
1693,875
1216,556
2612,2282
403,880
138,178
2743,1088
1672,687
963,1980
2242,2605
512,185
922,2509
170,470
1754,588
1074,1032
1189,531
227,1523
1311,88
1093,1660
749,1702
1119,892
571,1468
2118,1542
747,2159
1746,1282
1129,2714
533,1115
2668,1931
981,2492
1483,23
2424,85
850,811
133,2179
827,1555
54,2099
1634,821
2166,2475
2030,2194
1934,2423
2729,1578
855,2130
1605,268
1419,1382
1521,2020
1712,1182
2461,157
430,2651
2142,197
805,2623
1911,2407
322,1178
919,1593
2278,2251
648,1782
1287,2000
2230,929
2324,1026
2637,2057
1473,295
135,2003
2260,2370
1637,2486
2316,1974
1390,910
390,1450
1668,276
593,2146
979,1415
2377,2765
1736,2481
1363,1844
2305,2594
1651,2298
904,2153
711,1243
2318,542
2453,1115
1004,2299
1941,2546
1704,2774
1130,1165
2577,629
488,1331
478,354
1692,2450
2393,1356
2289,1664
2306,437
1616,1443
2475,1318
499,1319
226,1832
1897,2075
417,2144
1705,1486
1156,1089
2186,1097
180,2228
2572,2678
1600,2681
1689,606
1334,658
2572,1955
721,2018
2668,260
1214,1227
2569,203
1528,592
2183,747
543,2321
2016,1505
913,982
650,473
926,512
1785,465
1013,727
1227,1738
1276,2553
909,2494
1730,1759
1369,2411
1826,1264
1651,1885
2122,752
1981,1426
1552,1177
26,2621
1494,1802
1511,1009
2386,300
1398,1143
876,653
2395,2250
42,1801
1375,2605
671,2076
812,2251
2001,2005
748,155
432,269
690,1289
1588,2733
261,1803
1417,2254
1922,190
1178,523
1397,1345
786,1894
823,261
1262,2179
2698,308
1599,1338
146,236
105,563
2592,329
2597,928
2502,1326
725,2058
737,1799
2066,1767
784,2411
1376,2111
637,1997
262,1345
2020,1271
802,277
1725,572
2286,2541
46,657
2208,2705
1292,410
2673,968
1162,1596
2383,223
1487,2342
1360,2328
1600,2070
1301,1164
2062,563
1376,218
1335,235
833,1635
421,1219
1443,959
159,699
1100,3
1426,729
936,2625
1427,18
1674,823
2480,2248
655,377
1907,992
1878,2261
620,2670
1614,2614
2297,2211
1183,205
1538,1124
2511,2227
583,359
1603,1848
2061,798
433,1176
925,182
1058,644
2517,2513
75,408
803,2571
452,863
2497,1093
2513,1663
2524,385
758,2434
648,2567
1128,553
2623,2392
952,2322
1290,787
1893,2136
845,39
2199,25
513,849
1945,1470
959,1112
1618,2077
205,1754
2057,470
973,1768
1941,670
1448,2350
38,747
146,197
928,2309
2542,729
396,2277
2127,2223
1847,1828
481,2205
2696,1227
1596,927
2466,1406
1043,2721
2310,1831
744,537
784,782
2116,706
1125,1979
80,176
2702,782
1364,1786
1083,2059
972,2218
1590,2153
1222,219
363,2510
479,771
1365,511
1802,2631
2216,107
401,2742
2724,1206
1999,783
1980,2715
1057,1256
1372,2643
1685,2308
1265,1893
1948,2269
371,1451
2220,983
223,333
1448,1295
1787,833
838,1761
157,351
345,2428
1695,1912
2555,2070
1358,872
400,1156
514,2009
126,1989
717,21
1934,1390
440,1832
2062,2765
536,1237
437,1065
2102,1658
2757,1837
880,2322
1839,2626
860,2608
510,756
310,2651
234,2466
244,1000
447,2704
1573,508
675,358
1093,1561
2546,1084
1364,1101
1708,2438
181,2504
1102,330
443,1631
2255,2059
18,248
541,2192
1172,1458
1363,272
2392,223
345,1831
801,739
1170,37
1639,2376
1570,1553
163,168
114,938
1749,891
111,529
57,98
51,1913
1088,575
1033,886
1545,2595
2562,179
1730,1693
1274,2511
2569,591
2641,2002
1728,591
685,1699
127,310
1276,2504
2619,1567
822,2772
2147,286
1437,1627
1576,2722
2569,610
2063,1505
828,1034
9,2186
739,2238
1585,2209
2747,233
5,1026
559,2676
2335,10
1425,385
834,1969
2232,1279
316,1055
242,869
403,37
166,177
1726,1569
1971,1406
2117,1814
1352,1461
749,955
761,23
170,334
2419,2211
2499,1071
1994,905
1269,1902
536,880
2435,850
2574,1654
2455,131
1178,2155
600,709
1532,2100
383,2168
1123,2360
2402,1657
1210,1348
181,546
2723,1119
5,1190
1341,827
538,1293
2677,220
1719,369
483,1520
1918,2662
2395,1484
1298,2642
1557,1075
366,1154
1833,69
1158,1219
2656,1837
2671,1176
1179,1223
826,693
1487,333
812,433
1363,213
440,1597
683,2366
376,2658
246,937
791,2499
208,2304
1767,2073
851,2427
2015,1283
2069,1595
2101,541
472,369
1179,1827
1768,521
140,823
1485,744
1733,2065
1508,1432
2177,1690
2356,1850
2696,737
1528,48
2001,2391
1047,494
1406,146
2312,2438
107,621
1936,1711
2294,1062
2381,2077
687,1058
2550,1239
832,2485
1414,297
250,1587
224,2127
1385,1324
9,164
1264,570
1398,2194
2222,2315
239,1540
1753,316
844,265
203,2131
2105,619
1353,1524
2065,586
1758,1301
1751,1615
2229,408
2726,2246
940,257
2591,1830
465,2712
518,2273
394,1503
2028,1876
302,1069
2350,1209
163,2611
960,639
2701,2052
2663,1402
371,1603
1779,1642
1392,2690
2269,954
521,1703
164,802
2745,2511
1268,981
1016,1929
1305,452
1611,57
2504,616
2360,1745
2202,1152
846,851
1841,1724
1746,1205
921,764
308,1337
1484,2699
2338,1944
1289,2186
2245,1411
1979,1357
1585,1387
2088,2391
2400,185
1449,616
2032,2677
1233,341
2466,285
1732,1010
1281,1822
1392,2208
263,2376
2734,2458
293,2290
835,2654
1278,907
1844,466
2545,1869
2147,2619
2301,140
1620,2260
2583,740
1285,2134
1754,1241
1289,1725
1073,1018
1091,2000
1767,919
1433,1723
2180,263
1310,938
439,1303
1823,185
112,47
2250,2333
1714,2565
624,1408
1778,2715
1850,737
417,857
2162,1316
1175,909
2010,2345
752,1279
864,1481
129,1839
2327,1365
1426,855
2257,422
871,392
1799,2770
1013,1167
801,179
2025,2346
1342,736
1721,56
468,1456
1141,2132
2543,240
2124,2063
2269,1116
2733,2730
2779,1595
1110,75
104,1870
2112,737
2169,2220
2061,1249
1638,2664
1107,2165
2717,1301
1053,2781
1818,279
2526,922
713,1088
2555,93
923,1742
1186,711
1842,2573
1366,2274
740,2673
2199,2674
338,1872
871,1385
2591,2497
1,970
2245,554
591,1522
406,1976
1958,2451
1020,226
520,2223
2565,2623
57,2329
2456,1540
1424,460
2541,2736
2317,854
1515,1654
1209,1939
853,2568
614,2176
2658,2656
2551,647
1614,1294
1283,1609
2289,966
2252,1934
522,1734
1666,2159
1944,1720
97,1582
1154,1101
122,249
1,2416
1367,1013
68,509
2621,915
1989,2093
566,293
1254,410
1789,554
926,690
538,1204
2638,2405
78,2380
443,1698
2197,1376
890,650
474,1164
2490,535
2457,1467
1797,1182
203,2194
33,2363
1747,232
486,17
1186,2155
36,645
2030,402
251,895
1164,342
1507,1303
86,143
2282,2767
2347,2134
2559,252
5,39
1661,1876
1375,2242
307,728
5,1990
1551,2706
13,592
2160,1202
2196,2231
386,1788
2782,2078
2251,156
1373,115
2053,1505
67,1483
853,1513
2021,329
945,2649
924,1926
964,1446
1830,1296
2142,1022
1289,314
348,1373
2447,762
1431,1392
1112,295
331,580
1768,1404
934,1923
1893,855
2475,2707
496,1575
473,1680
490,1830
2528,1849
1398,1316
836,2675
1472,2515
2580,905
435,2296
2311,762
2476,280
611,1939
2461,2297
450,1705
1204,1004
2360,2424
1351,2256
2391,2155
1517,254
2241,2762
2086,2043
1850,2696
679,2776
228,1553
2056,1356
2024,1606
1814,2511
1973,2313
665,864
2365,540
932,1002
279,793
2036,845
545,2210
734,1882
1679,106
323,158
403,2723
16,785
1627,47
388,545
1657,1794
176,1827
304,210
474,2211
666,2702
2069,1562
1970,976
1414,1467
2339,2129
2782,790
2559,2162
1818,1711
337,2473
614,1559
1704,2206
916,293
874,436
741,322
636,221
1968,1789
1509,7
521,1688
620,1590
1837,2647
1105,1495
2142,1680
1798,2233
2572,183
1428,1668
549,2377
410,1296
194,172
1709,2478
916,2705
2646,1764
2003,1442
536,992
2296,2200
775,128
2240,2233
1031,221
2267,2178
2163,2506
1483,271
2227,1730
615,2386
939,1558
537,687
1762,248
2680,1154
620,1151
2180,111
1087,247
1513,2378
209,2177
1296,2362
2021,2459
1741,2605
2580,1820
2694,113
2440,1431
2134,1534
2331,2421
1357,52
670,1756
1789,1117
252,1840
359,1535
1495,796
2565,2030
245,219
2769,369
2756,2149
2776,2671
527,1982
296,1442
1877,1279
377,339
1371,972
1211,563
1487,1832
2046,2191
943,2750
2301,2156
2567,2077
1206,1626
740,2087
152,1591
1106,2678
2039,2479
575,2741
339,1929
564,2532
513,2336
277,1982
2090,1887
1323,1509
770,955
1743,197
1793,1514
13,1702
1808,1260
1015,1290
1656,945
900,944
2572,2610
132,1594
1813,2368
163,1711
750,1027
570,839
753,529
433,970
374,856
1670,1973
1832,1971
1611,2773
1802,2641
210,437
1251,1897
1950,2031
1110,904
630,1636
2092,989
1925,1172
2651,975
1460,2782
2432,2525
270,935
1446,1897
2661,104
2477,832
1987,2450
2430,2089
884,656
1633,1002
221,697
2612,2591
2528,1195
1540,385
1117,678
1685,2289
1489,627
705,133
1243,1492
858,626
939,2099
309,706
2572,1816
734,1307
1430,76
2294,1573
1638,2090
1789,795
2568,1966
203,1486
1629,2563
1632,2485
1717,746
2626,336
2218,2542
1461,2330
1840,107
257,2716
680,666
1492,938
2087,2205
195,91
2712,2431
2148,1925
814,2708
2759,2675
2401,2255
379,1954
2420,2294
3,1981
2705,56
1661,1904
2446,1039
2590,2488
1200,1796
2149,2453
828,1732
880,2779
2045,337
1686,159
1996,913
364,465
1504,1759
2179,845
1897,1539
360,1588
1999,12
1293,1112
1079,185
1070,179
1506,618
1213,9
193,135
230,2083
1063,752
402,2089
743,1554
154,1242
256,2439
305,447
1384,924
563,1935
278,372
2460,1862
976,1259
1427,1850
1179,1320
2048,744
635,187
2415,1552
458,468
2442,1530
615,1512
929,758
2212,1519
420,1528
2285,2042
1183,2316
661,774
299,714
849,359
2711,692
2522,2465
573,1488
1880,2548
2062,1199
2217,1096
1936,2640
1263,1306
921,1134
2342,2580
568,2090
1822,685
2010,1373
27,583
2779,1009
1182,2597
1386,1821
1760,2656
1220,882
1086,144
1494,1696
2392,1919
2073,831
497,531
744,517
1914,347
590,1105
1123,63
2529,1513
849,2490
1937,1632
1808,2465
2553,2738
406,1206
2400,2415
1664,417
1518,589
1415,1031
1080,178
474,1067
532,665
1117,2299
225,2140
1322,1485
2306,1397
1309,1920
396,1770
1058,2365
373,529
783,749
2463,2455
1576,2142
1514,839
1921,666
2139,199
656,1319
1133,1955
501,949
1767,822
945,1099
1423,482
1874,1988
1651,2171
2019,1889
340,1703
1117,1599
1497,1666
1522,2532
2112,2631
2039,2085
320,316
1670,2262
104,869
1383,1135
1000,984
2601,713
1820,284
2784,384
2637,207
2423,2228
1925,1346
1895,2701
378,1949
1816,2316
1403,2355
596,98
909,365
2527,2242
2051,578
1639,2156
2465,1434
2493,1472
2527,952
975,899
2308,912
1952,2689
78,2764
1004,1582
455,901
1711,1999
2318,1238
2097,300
2129,1928
2414,361
381,210
1232,166
1776,1636
1412,2233
434,20
1045,318
467,286
2274,2440
2667,199
978,916
2275,1966
2392,1576
111,204
274,151
1959,48
2278,162
126,222
1730,159
2354,2094
1788,1684
2417,2717
687,467
412,2258
1046,1831
1269,2018
2532,2179
810,407
732,1831
2267,1107
405,1039
2441,2560
1067,311
1167,403
1521,259
1837,1437
1726,1243
2388,869
477,187
439,2277
305,2426
1998,1552
1235,2373
1033,2555
2181,153
2095,35
2155,2666
2323,1386
2300,1590
1683,32
692,2318
2697,317
450,1630
1088,1506
1982,143
178,2156
1096,474
2519,351
1056,897
949,2580
2349,1353
1953,731
958,2146
1345,142
2788,2213
269,2499
2532,350
1959,950
1027,2134
1593,2539
103,309
2409,1832
1384,300
1884,2780
873,2258
1772,529
2708,963
796,972
604,1682
665,1598
1083,602
2626,1005
1788,206
2400,996
1545,809
2711,1999
2144,266
1326,875
2218,2739
2072,2128
1997,1236
2479,2165
2528,495
187,793
2004,1133
286,1914
1333,2117
1944,2389
388,1322
865,953
524,2171
531,1511
2078,267
233,123
81,979
1493,1243
1405,196
530,649
963,2175
2702,1026
2142,1864
2138,1711
2573,1499
1928,477
854,2655
1914,42
105,606
2697,1787
329,1846
2047,1580
2272,1498
1560,2211
1960,2288
2775,1143
1207,1065
1035,2383
363,1770
2364,268
2271,1267
1828,985
640,1152
2377,467
1631,2770
1986,568
2136,2352
2365,322
1796,1365
2437,904
374,1792
45,1687
1220,2690
2398,160
798,2653
1190,1855
787,2580
1617,99
1630,569
823,91
1773,2735
2769,978
1327,1810
459,444
2005,1215
2549,1938
2747,555
2381,723
1018,2250
451,2099
1798,557
2628,2559
2539,1852
1421,2345
1157,2782
690,1815
651,789
2694,2037
2233,2709
2728,753
2610,203
128,1921
1930,651
1571,2108
64,1325
2473,216
1800,1288
1237,190
2105,2709
1433,1601
2519,1304
9,1698
126,1523
801,1394
1064,2439
1260,2185
1951,2276
958,1621
770,1721
2107,918
922,658
784,1098
1031,224
1431,2477
1953,1583
2766,77
817,2382
777,1572
14,1949
2645,1742
2652,310
997,1008
1330,12
2419,1424
2031,1843
1538,1618
1913,2178
1153,12
420,321
1565,1347
387,586
178,1298
1355,1622
453,435
1796,1806
746,1451
1249,1196
2624,964
876,2192
1561,471
2103,1612
818,2457
1358,2050
1171,2509
1104,1751
996,236
2543,1709
1668,921
1461,1968
918,4
1803,1628
23,1740
702,2732
1243,1446
446,9
2350,1690
154,777
922,431
1908,1897
2163,177
520,1353
314,1814
191,731
1995,2230
2636,2180
2055,2266
999,588
2145,1955
2292,275
65,900
1417,1537
2693,1051
716,563
2788,1495
2128,2325
2556,750
2644,1360
604,2393
2657,1688
1051,693
427,2427
2671,1891
641,662
1284,1830
1089,2398
1817,2721
330,2019
1353,1946
418,1951
528,1752
1326,1497
1109,1751
1083,588
1066,1969
1998,251
1528,1420
1810,2293
1139,843
759,2529
1294,1045
1662,1680
2347,291
758,2360
853,863
1346,1608
2030,1049
610,602
1200,1489
1893,2200
695,615
671,155
1772,628
688,976
249,902
744,2751
141,8
229,1333
1226,1719
493,287
805,2021
1999,236
990,1943
2664,2232
1687,829
1757,1299
2471,63
415,190
1408,2111
2395,2362
458,949
1993,541
1355,1730
1520,1979
1998,2499
395,1949
249,2557
606,2361
697,1676
1276,2627
1693,523
67,2411
2438,2390
2170,1372
2357,532
22,1365
28,2175
2781,246
2054,636
2601,531
732,1886
705,986
74,2511
2597,474
2142,591
519,2177
1990,186
199,2162
438,1974
1796,310
2734,2224
1295,354
1993,400
406,2729
1216,1625
171,109
2147,871
556,929
1535,1754
1250,141
107,1738
831,1321
2395,1450
330,1981
1924,53
713,2785
1448,2273
1277,1961
1446,657
2426,888
326,870
2781,230
2616,2289
1899,2772
1008,2245
1739,489
2128,2139
2309,2618
2138,433
702,2210
2599,458
1239,2458
1084,1502
1408,2673
2346,1038
611,1234
160,177
258,2743
2102,644
323,368
1653,1158
1065,861
2304,977
49,325
1489,1234
2607,2619
2226,2519
1824,1045
1808,2693
2446,1294
1695,490
1541,2762
8,1022
1137,894
2353,2371
1812,20
1541,205
2233,58
309,472
2726,2589
1396,1248
410,1201
1283,2069
2629,1109
2094,127
990,306
1458,1682
2146,186
1901,2471
79,514
2661,1029
336,1346
456,1298
844,1892
2565,2603
711,1084
1497,1786
1923,1092
303,1623
1467,2524
1252,1805
670,477
690,1264
2708,2405
1824,2644
393,1443
2538,2531
2179,1592
57,2785
822,1606
1659,1671
1510,2736
1730,2338
451,819
2699,820
2592,980
2346,1097
2601,1131
108,1809
1084,1212
1451,1355
2486,586
2323,2183
2595,54
2136,1709
11,65
826,2519
1136,1821
2682,1108
1248,1467
1346,1210
181,991
423,974
166,2414
2121,854
1453,2175
2234,1639
824,831
661,1328
2564,1760
1042,1783
711,842
853,506
1222,1781
360,2435
106,1742
400,2688
299,1606
2009,2076
1878,121
1789,1781
1795,2252
1032,2431
712,2273
1797,2578
569,903
2501,1784
1986,1252
149,662
1318,476
1862,887
495,703
2399,2379
1649,1825
391,255
60,2103
866,544
462,148
297,750
1825,2334
118,1312
588,2306
1690,1056
71,1529
1346,2029
1031,202
1216,1985
143,2217
1479,1365
2708,2608
366,1475
1564,1562
2103,755
2274,287
228,2426
1328,54
92,1796
1517,334
2712,365
2494,1146
2238,1628
1544,1249
1273,1903
126,2019
2064,1267
2415,1640
519,1106
1935,2073
2018,1736
107,868
1171,1217
2091,1353
2082,2772
1702,2621
78,2542
1196,128
1713,1578
740,770
2024,2069
540,2616
1495,733
2776,502
148,64
1539,847
758,1721
2762,659
2573,2418
81,199
2048,1359
746,374
2614,2470
2392,389
1871,2407
1234,1864
1976,1341
1517,1570
2214,2277
2119,1816
1347,2077
1067,915
496,1003
1411,2143
2660,1097
488,1814
754,286
112,2460
2239,952
1241,1494
1333,1769
2577,1318
2572,514
517,2749
1446,1264
1893,2302
1419,1197
2147,1832
2037,2382
886,2359
26,1311
2760,1193
2627,705
308,2747
428,2764
444,1214
1677,821
36,713
2678,1871
275,819
2783,2535
1385,1155
407,2206
2240,1309
961,2413
1995,605
2046,2024
578,1311
2507,110
1995,2688
714,314
2358,1437
2227,42
1061,1411
2241,272
659,2630
778,2201
1784,817
566,1308
1873,2630
1468,2736
563,2557
1151,482
1790,974
879,981
2359,2214
1928,2303
512,1106
690,158
1308,716
89,260
1678,967
1409,2164
634,703
1601,1358
351,1681
1750,1920
1834,1734
1423,1283
1507,1392
913,1469
2612,509
2745,699
2123,212
493,2640
1657,106
2179,388
1597,1243
1104,1825
40,2527
1343,835
1260,2445
345,1808
1549,1529
1830,1138
21,2067
2526,1513
589,923
2561,178
2260,1006
2089,308
704,774
51,2587
1123,1120
1997,2538
1427,1355
2117,498
153,1241
1792,2660
924,1870
1967,2347
1784,2103
2003,2353
820,1508
776,2443
2136,359
965,1628
1542,489
1993,826
408,2647
1315,1963
1757,2288
1777,1282
1209,1469
305,2769
2111,2595
913,1896
1187,1911
1089,1281
149,459
105,69
358,1705
384,2215
566,1017
2494,1055
812,233
1540,722
716,1368
2242,1050
2642,1936
1785,2207
441,2446
465,1372
47,1033
1021,2039
2634,1299
1973,2037
12,45
2235,577
723,672
1847,569
1083,2488
2507,2480
1631,1695
2475,1136
2772,258
2160,2479
2419,1514
1691,1417
901,973
1814,783
1929,19
1908,2586
2519,1669
1438,2010
2054,2188
1208,2243
2415,1198
912,275
2502,286
1393,2342
1494,2540
1235,1441
2166,1008
1763,2019
26,2783
1075,1485
2656,1289
406,2051
312,2775
1888,2115
1713,1508
2582,556
2241,1520
278,2095
436,2190
2275,2624
563,1707
1890,2059
1838,1517
1389,1246
965,2437
2122,1398
1063,425
291,2754
2175,1677
2083,786
718,1853
2511,557
1147,1632
2582,1173
2311,2215
2051,1427
2781,1225
809,1033
396,993
1938,2398
889,2036
456,39
667,1634
907,1846
2062,2491
938,580
397,704
1229,1526
1200,1968
1432,516
1505,1577
2156,896
233,1948
1761,2514
1684,1
1992,280
1176,1119
800,1710
2255,580
1442,1801
884,2526
113,1232
381,2141
1349,15
1235,788
1658,1136
1713,772
1805,1790
2372,1601
312,646
1973,2111
1585,1368
1895,204
576,918
633,228
756,1178
24,327
2655,2465
1552,946
480,983
2032,1636
1600,1957
2101,689
359,2023
1609,2070
610,1803
282,392
2643,2567
946,2768
1566,1931
2052,154
1955,2006
79,606
1767,693
34,1203
1987,844
2360,2324
19,1612
786,1781
401,1512
227,1876
893,1033
1957,99
446,748
1488,1756
1310,1028
312,786
2112,1019
1555,2462
567,1450
2433,973
145,2751
869,2493
1784,2165
465,1137
861,91
2467,1426
538,819
335,1892
2657,1755
932,2318
1932,170
526,2615
1082,1406
2201,119
968,804
2206,2410
2770,991
1652,1230
2024,416
2754,911
2724,1659
1959,773
1812,1910
576,2466
1827,1002
55,1337
1010,2694
562,2042
2483,972
355,898
1101,455
673,14
2374,1421
993,122
1932,45
2778,2438
1595,1003
27,1700
591,2383
95,1631
2616,1936
171,310
2329,1212
1894,630
1957,105
1234,950
532,1825
911,1719
1852,998
959,893
219,2156
1119,401
240,1757
2062,856
1609,1755
2340,314
1128,1947
1890,63
858,1266
580,71
1750,2248
1780,913
24,1147
1498,2336
370,126
1392,273
2012,304
1346,300
2403,2398
1003,1607
2675,2298
1585,2290
2545,1357
561,181
1774,2328
2744,2268
2068,1208
1863,651
1419,12
546,2107
662,533
1910,1864
1712,92
2063,2064
1785,855
455,2711
1800,2168
1608,2355
1432,1472
411,1056
1967,237
276,424
2573,1660
650,1520
527,1715
2385,2301
1243,2519
2172,2103
1276,1413
1752,1480
1595,1250
548,348
2157,1950
2092,1998
1452,2455
2392,1005
2611,162
2223,345
795,1774
653,1920
1164,1065
1923,1380
768,2687
2102,169
1430,1205
1516,2290
266,1510
63,803
199,444
960,1097
1370,2150
750,1102
1007,1426
283,1747
556,1115
723,2365
921,614
2781,1774
674,1558
977,2223
787,1878
1136,1493
466,1307
1252,2437
2607,600
1902,386
486,2276
1505,359
569,1933
1264,872
1337,1290
1356,1572
250,1842
2363,213
1328,1645
2489,1385
974,2564
2496,2593
2464,1707
707,1650
1906,1095
546,70
243,2722
359,1296
316,1414
493,1519
2182,1659
831,1702
1716,1121
1586,109
1234,406
2588,102
1722,88
628,1426
2058,2300
443,303
307,842
2315,1308
868,512
1808,1779
1153,881
155,772
2542,1608
2485,374
1787,795
898,1900
1234,248
2000,1376
2054,2227
407,1685
715,1484
1955,1994
30,2495
1825,2443
903,1248
2002,2494
2704,469
570,710
2397,1408
2585,1893
2361,719
1628,2325
499,66
2175,1717
16,1610
1952,2071
285,1159
77,310
179,1835
2640,2190
933,1083
1,1060
454,2440
1391,621
784,1640
366,368
2492,900
2575,2115
779,237
1215,1403
1733,1843
1855,7
92,2582
1215,2679
1686,1291
41,975
1374,2074
2509,1558
122,284
396,417
745,1469
2770,1836
862,1235
1171,2742
1383,717
2580,23
299,757
1020,1303
372,1692
468,1718
1385,676
2040,2265
589,586
2607,1896
896,1441
2023,1903
1349,1318
2555,1526
817,1175
1895,94
2244,895
1311,873
1011,387
1314,60
1299,542
1501,2303
2258,2473
2650,1958
1804,2615
2255,653
2188,889
2779,118
2073,2173
1240,1540
812,1334
1943,322
2567,1465
812,451
1996,2185
2696,1220
1991,924
515,849
932,1032
2651,110
1790,1559
2128,420
1963,112
300,1665
1163,560
1860,1253
1910,1042
2637,798
2709,252
1287,2549
106,733
1068,1639
767,2741
984,1686
990,1635
1967,67
1592,2481
2146,105
358,375
789,1747
470,1704
1381,424
645,2304
781,2622
1981,238
1987,2178
138,108
2095,2491
2178,1700
