734
734
296,308
315,711
394,559
175,603
109,242
276,570
83,450
584,638
135,140
682,504
321,451
302,507
542,529
121,433
394,419
160,598
554,724
114,620
726,546
413,554
418,215
178,239
433,583
534,261
322,590
612,208
66,508
307,26
622,322
380,455
510,662
678,284
700,131
523,567
9,62
335,616
527,725
407,137
446,606
654,604
131,395
391,331
409,104
10,52
447,603
242,312
202,322
179,401
362,594
14,690
376,238
352,541
716,313
623,119
165,579
32,378
685,621
411,700
184,602
598,305
145,41
656,31
616,587
466,260
278,385
258,562
185,680
582,206
112,430
584,718
431,553
410,678
582,156
383,527
569,490
193,363
548,166
414,273
78,284
657,388
553,626
501,490
238,240
408,364
136,448
485,595
699,433
550,279
149,485
582,96
55,394
162,681
278,656
144,127
306,602
675,162
88,100
286,495
21,476
232,145
367,691
119,267
27,134
222,370
299,395
430,256
376,482
216,251
567,447
179,634
371,639
688,44
367,518
491,538
586,444
360,581
130,500
416,703
651,678
689,468
564,633
159,450
629,138
523,142
654,163
136,383
269,41
225,149
564,51
673,41
442,82
39,239
720,567
702,703
159,611
559,595
170,261
683,102
120,457
439,223
725,163
446,136
669,113
210,162
710,645
662,315
471,709
623,663
635,71
291,723
653,577
442,567
499,601
410,177
106,380
595,238
607,483
695,508
702,118
659,711
306,181
721,84
46,625
236,467
399,670
508,441
606,601
732,108
649,641
550,632
228,416
254,541
385,96
77,340
178,252
513,517
221,67
108,725
78,45
151,42
70,459
460,496
562,305
370,474
192,389
162,401
653,654
94,248
188,243
682,260
283,614
270,309
675,245
122,554
657,509
676,20
399,471
122,435
460,350
617,224
685,88
169,481
12,463
355,446
642,576
488,460
39,236
610,428
605,632
621,144
481,546
528,720
344,559
412,383
272,305
647,450
149,139
441,127
430,79
174,490
618,154
192,47
691,44
103,107
277,4
243,360
511,507
273,663
672,312
224,477
339,520
415,449
497,116
429,656
472,181
590,661
408,202
417,257
86,510
8,717
729,271
206,353
687,709
312,232
566,647
500,249
129,163
536,470
375,372
95,270
715,164
56,712
249,391
393,407
635,87
376,25
441,341
731,190
222,322
315,22
477,528
715,8
492,139
674,347
727,150
187,417
231,561
213,121
42,62
368,63
696,469
216,131
723,147
435,369
45,102
123,345
262,666
416,294
456,515
328,414
234,86
390,62
645,108
543,340
236,98
169,93
676,602
329,124
472,493
544,284
244,196
126,546
286,100
154,263
299,128
117,636
359,98
579,369
632,647
248,700
178,56
397,639
385,407
397,409
73,384
566,402
264,370
395,64
516,251
698,42
151,300
322,523
112,149
38,415
435,646
411,122
558,595
343,351
283,49
497,454
137,549
410,19
597,187
183,708
634,535
537,42
375,232
238,106
422,717
556,215
652,23
708,433
533,135
617,252
450,496
512,553
162,192
614,648
482,462
261,505
585,237
152,693
360,336
444,635
484,422
409,585
82,647
191,429
606,459
157,676
584,426
142,151
32,374
716,213
694,421
494,64
632,192
304,275
590,185
29,674
214,415
448,142
626,620
163,160
198,464
664,587
377,318
370,473
375,674
79,404
707,515
82,595
278,524
407,705
667,510
540,504
158,455
97,445
436,404
66,200
409,569
343,193
21,13
143,354
652,317
712,507
532,553
72,285
302,259
113,537
618,684
569,547
391,273
480,304
241,276
644,677
516,345
562,342
466,20
183,663
320,592
128,245
516,224
128,520
202,160
504,101
295,633
66,515
704,163
478,652
202,461
327,453
462,157
129,210
176,608
555,596
686,558
240,421
574,83
39,431
622,648
642,254
405,682
48,511
185,259
718,423
111,432
256,275
206,44
62,40
14,59
200,116
598,300
442,357
640,403
727,512
414,410
365,51
285,610
385,539
265,394
331,273
448,582
730,259
115,301
82,159
549,342
652,415
362,263
192,341
397,697
417,697
340,406
233,82
271,83
163,438
128,239
687,673
612,3
131,304
16,166
457,568
492,157
632,537
537,340
130,49
320,527
16,312
301,105
650,474
579,124
349,667
493,167
683,701
237,550
451,416
322,422
528,327
602,72
88,197
673,414
51,366
38,377
578,553
87,225
697,436
538,676
682,388
402,224
504,448
339,667
366,107
365,589
655,697
709,9
577,394
228,626
661,142
416,209
97,716
44,124
540,40
182,549
152,600
713,503
108,170
8,692
278,63
346,479
183,265
417,131
496,665
283,711
25,498
104,302
548,38
534,274
640,191
361,392
555,286
646,461
266,529
313,95
280,555
2,197
51,352
364,203
336,600
202,96
398,343
707,653
237,534
459,467
331,588
225,516
260,539
125,91
59,642
43,356
684,362
254,517
72,107
239,552
667,622
733,194
676,640
2,76
482,89
154,368
595,9
175,663
545,716
598,83
704,466
469,538
519,328
682,559
140,127
657,325
541,734
275,318
397,234
672,366
583,379
671,427
554,522
689,173
618,589
229,653
647,217
468,379
213,196
278,571
478,189
299,163
252,224
402,198
290,658
16,595
52,234
252,333
264,713
164,566
298,33
402,520
509,218
376,714
63,464
449,586
230,624
78,658
124,638
69,720
89,288
289,145
640,441
221,717
173,339
39,495
325,383
273,593
678,173
553,574
2,267
426,524
284,439
97,405
139,539
74,729
636,532
687,139
537,562
211,727
488,714
681,627
254,415
698,488
512,409
381,1
363,625
90,321
596,226
67,112
301,458
277,179
46,175
706,644
81,16
115,126
263,72
644,170
150,384
201,213
327,364
712,384
627,176
575,247
226,183
386,633
569,632
257,118
360,445
562,314
459,262
208,135
298,3
359,708
580,347
335,445
196,119
106,349
396,172
218,495
446,723
686,18
48,452
590,420
30,34
56,594
501,40
181,544
72,414
164,265
729,427
664,660
172,227
581,119
158,540
248,2
150,193
529,538
9,239
449,110
261,494
341,61
265,423
358,339
20,531
214,284
287,357
33,615
609,153
550,537
558,241
209,533
192,133
634,524
122,63
217,80
175,301
310,661
17,518
169,653
351,593
133,184
656,215
395,458
235,468
543,620
120,290
426,212
513,613
44,71
100,668
78,586
639,670
332,138
42,632
634,64
669,662
272,380
442,478
429,666
121,613
588,35
109,218
632,732
138,157
229,230
411,132
680,547
83,721
298,486
18,437
191,564
385,102
474,706
114,382
127,415
262,605
393,673
508,540
264,34
45,364
